500 600 400
A,1,48,9
A,1,533,6
A,1,571,8
A,2,1,1
A,2,84,1
A,2,230,8
A,2,310,5
A,2,401,9
A,2,559,1
A,2,578,2
A,3,61,2
A,3,593,2
A,4,124,9
A,4,247,9
A,4,305,4
A,5,1,5
A,5,18,7
A,5,183,5
A,5,342,8
A,6,49,8
A,6,409,2
A,7,231,4
A,9,64,1
A,9,307,2
A,9,549,9
A,10,99,6
A,10,105,3
A,10,189,7
A,10,580,6
A,11,137,6
A,11,448,4
A,11,472,8
A,12,45,2
A,12,384,9
A,12,387,3
A,12,397,3
A,12,425,2
A,13,34,2
A,13,429,3
A,13,453,1
A,14,128,3
A,14,166,8
A,14,244,7
A,14,349,7
A,14,597,4
A,15,25,9
A,15,30,6
A,15,167,4
A,16,222,1
A,16,363,4
A,16,499,9
A,16,526,4
A,17,454,1
A,17,590,9
A,19,200,1
A,19,510,8
A,19,568,4
A,20,413,5
A,21,24,3
A,21,151,3
A,21,357,9
A,21,426,3
A,21,572,4
A,21,577,2
A,22,154,9
A,22,374,1
A,23,252,1
A,23,495,8
A,23,524,8
A,24,42,4
A,24,433,2
A,24,501,5
A,24,521,8
A,24,528,2
A,24,529,5
A,25,126,2
A,25,129,1
A,25,323,2
A,25,442,3
A,26,483,1
A,26,525,7
A,27,16,3
A,27,285,8
A,27,495,5
A,28,553,1
A,29,554,9
A,30,253,1
A,30,293,3
A,31,114,6
A,31,133,7
A,31,421,7
A,31,497,7
A,31,535,2
A,32,105,6
A,32,284,9
A,32,306,5
A,32,468,5
A,32,486,3
A,32,491,6
A,32,520,9
A,32,576,4
A,33,176,1
A,34,98,4
A,34,295,9
A,34,463,4
A,34,553,4
A,35,44,7
A,35,91,8
A,35,152,8
A,35,197,2
A,36,200,8
A,36,231,5
A,36,280,5
A,36,367,1
A,36,550,3
A,37,78,3
A,37,122,6
A,37,182,3
A,37,183,8
A,37,345,1
A,38,110,1
A,38,356,5
A,38,503,1
A,38,515,7
A,39,254,2
A,39,444,3
A,39,466,9
A,39,469,9
A,39,500,1
A,40,142,3
A,41,176,8
A,41,435,9
A,41,439,6
A,41,471,8
A,41,577,3
A,42,34,1
A,42,234,8
A,43,240,3
A,43,282,3
A,43,404,9
A,44,150,9
A,44,322,5
A,45,93,4
A,45,375,5
A,45,404,6
A,45,416,5
A,45,426,6
A,46,69,1
A,46,330,8
A,46,335,1
A,47,10,4
A,47,46,6
A,47,173,1
A,47,179,9
A,47,411,3
A,47,481,3
A,48,46,1
A,48,126,1
A,48,193,3
A,49,111,7
A,49,314,2
A,49,399,8
A,50,211,6
A,50,266,3
A,50,297,6
A,50,427,6
A,51,19,6
A,51,294,3
A,51,375,3
A,51,597,7
A,52,31,8
A,52,78,1
A,52,152,5
A,52,191,3
A,52,397,2
A,53,170,8
A,53,268,7
A,53,299,6
A,54,165,3
A,54,528,8
A,55,155,4
A,55,231,7
A,55,261,5
A,55,323,9
A,56,198,3
A,56,488,7
A,56,588,4
A,57,80,2
A,57,111,4
A,57,406,7
A,58,106,2
A,58,133,4
A,58,154,2
A,58,292,2
A,59,13,8
A,59,116,7
A,59,417,6
A,60,51,2
A,60,102,4
A,60,280,4
A,61,72,9
A,61,310,2
A,61,497,7
A,61,566,4
A,62,254,9
A,62,266,2
A,62,370,2
A,63,15,2
A,63,232,9
A,63,447,5
A,63,565,3
A,63,574,7
A,64,3,4
A,64,179,2
A,65,35,7
A,65,440,2
A,65,509,6
A,66,9,5
A,66,212,5
A,66,246,5
A,66,419,3
A,67,3,5
A,67,11,5
A,67,48,8
A,67,295,7
A,68,227,6
A,68,335,6
A,68,515,7
A,68,548,8
A,69,99,7
A,69,438,8
A,69,466,2
A,69,513,5
A,70,230,4
A,70,269,7
A,71,134,1
A,71,465,6
A,71,576,3
A,72,193,4
A,73,1,4
A,73,328,1
A,74,13,7
A,74,349,9
A,74,476,3
A,74,495,3
A,74,600,4
A,75,265,4
A,75,282,6
A,75,308,1
A,75,545,5
A,76,11,7
A,76,321,1
A,76,332,6
A,76,569,7
A,77,166,5
A,77,358,9
A,77,573,1
A,78,95,1
A,78,241,4
A,78,514,1
A,78,573,3
A,79,193,1
A,79,411,6
A,79,419,5
A,80,275,1
A,80,333,5
A,81,7,7
A,81,391,1
A,82,253,8
A,82,552,6
A,83,360,4
A,83,448,7
A,83,554,3
A,84,154,7
A,84,213,9
A,84,272,8
A,85,33,3
A,85,457,5
A,86,53,4
A,86,105,6
A,86,424,7
A,86,446,9
A,86,564,9
A,87,2,5
A,87,271,1
A,87,424,4
A,88,86,2
A,88,98,5
A,88,393,2
A,88,418,1
A,88,542,9
A,89,389,1
A,89,391,4
A,90,364,3
A,90,368,8
A,91,82,2
A,91,197,1
A,91,362,5
A,91,444,2
A,91,594,1
A,92,352,9
A,92,425,2
A,93,115,1
A,93,377,8
A,95,213,5
A,95,521,6
A,96,203,6
A,97,34,4
A,97,524,1
A,97,552,3
A,97,568,8
A,97,595,5
A,98,186,9
A,99,128,9
A,99,437,5
A,99,586,2
A,100,46,7
A,100,593,9
A,101,487,8
A,102,377,4
A,102,410,7
A,103,292,1
A,104,83,5
A,104,257,2
A,104,439,8
A,105,122,6
A,105,151,6
A,105,181,4
A,106,37,6
A,106,164,5
A,106,233,2
A,107,103,9
A,107,111,9
A,107,161,3
A,107,228,3
A,107,488,1
A,107,565,3
A,108,40,7
A,108,163,6
A,108,180,3
A,108,194,7
A,108,262,4
A,108,321,3
A,108,459,4
A,109,115,2
A,109,124,7
A,109,157,6
A,109,371,1
A,109,456,8
A,109,458,1
A,110,117,6
A,110,155,6
A,110,157,9
A,110,382,5
A,110,514,9
A,110,580,7
A,112,27,8
A,112,340,6
A,112,385,5
A,113,228,5
A,113,237,2
A,113,377,5
A,114,185,1
A,114,422,4
A,114,533,1
A,115,477,9
A,116,127,6
A,116,173,4
A,117,72,7
A,117,153,1
A,117,233,3
A,117,592,6
A,118,41,5
A,118,459,5
A,118,489,5
A,119,43,1
A,119,111,9
A,119,542,3
A,120,250,4
A,120,289,2
A,121,280,8
A,121,464,2
A,122,337,2
A,122,473,4
A,122,530,4
A,122,535,9
A,123,49,9
A,123,126,3
A,123,200,9
A,124,432,8
A,125,5,2
A,125,175,5
A,125,544,2
A,125,570,6
A,126,38,3
A,126,43,8
A,126,534,3
A,127,170,7
A,127,279,6
A,127,503,6
A,128,292,1
A,128,340,4
A,128,538,5
A,129,360,7
A,129,376,5
A,129,422,3
A,129,520,8
A,129,526,6
A,129,543,1
A,130,463,9
A,130,482,3
A,131,32,2
A,131,37,9
A,131,402,6
A,131,526,4
A,131,548,7
A,132,225,9
A,132,229,5
A,132,256,2
A,132,258,7
A,132,335,8
A,133,9,9
A,133,81,1
A,133,312,1
A,133,408,5
A,133,564,3
A,134,306,8
A,134,483,1
A,134,538,8
A,134,559,3
A,135,35,7
A,135,66,5
A,135,329,8
A,135,405,3
A,135,516,4
A,136,216,1
A,137,166,6
A,137,352,9
A,137,460,7
A,137,465,4
A,137,478,3
A,138,268,4
A,138,354,4
A,138,471,5
A,139,98,9
A,139,181,5
A,139,309,8
A,139,388,4
A,139,575,6
A,140,263,8
A,140,270,9
A,141,142,1
A,141,404,8
A,141,434,9
A,142,3,1
A,142,212,1
A,142,560,7
A,142,592,6
A,143,245,4
A,143,485,7
A,144,27,8
A,144,37,4
A,144,117,5
A,144,156,2
A,144,228,9
A,144,284,2
A,144,592,2
A,145,105,6
A,145,143,3
A,145,234,8
A,145,245,8
A,145,330,7
A,145,566,6
A,146,211,2
A,146,255,8
A,146,417,4
A,146,458,6
A,146,520,5
A,147,205,9
A,147,299,4
A,148,283,2
A,148,288,9
A,148,405,8
A,148,506,2
A,149,389,4
A,149,531,9
A,150,34,1
A,150,107,8
A,150,299,6
A,151,171,9
A,151,193,9
A,151,224,6
A,151,521,2
A,151,527,1
A,151,548,1
A,152,31,1
A,152,113,7
A,152,213,3
A,153,471,3
A,155,60,8
A,155,199,4
A,155,213,3
A,155,600,4
A,156,10,7
A,156,31,4
A,156,418,8
A,156,509,9
A,156,526,9
A,157,406,1
A,157,429,4
A,157,467,8
A,158,40,2
A,158,203,5
A,158,320,3
A,159,74,9
A,159,228,4
A,159,369,7
A,159,399,9
A,159,456,9
A,159,517,2
A,159,589,7
A,160,295,9
A,160,331,6
A,160,353,3
A,160,366,2
A,160,424,6
A,160,454,5
A,161,194,7
A,161,456,6
A,161,457,1
A,162,80,4
A,162,211,3
A,162,429,2
A,163,108,8
A,163,114,8
A,163,188,6
A,163,515,2
A,163,557,4
A,164,30,2
A,164,32,3
A,164,140,2
A,164,508,4
A,165,447,6
A,166,176,6
A,166,319,8
A,166,338,4
A,166,552,8
A,168,327,6
A,168,589,1
A,169,170,5
A,169,287,4
A,170,16,2
A,170,30,3
A,170,140,7
A,170,260,8
A,170,377,7
A,170,398,4
A,170,402,2
A,171,101,3
A,171,543,4
A,171,559,8
A,172,78,9
A,172,230,4
A,172,385,1
A,173,196,7
A,173,251,2
A,173,266,3
A,173,274,1
A,174,33,7
A,174,188,2
A,174,253,8
A,174,416,9
A,174,577,4
A,174,578,8
A,175,39,4
A,175,41,9
A,175,127,5
A,175,368,4
A,175,519,7
A,176,532,5
A,177,176,6
A,177,591,6
A,178,91,6
A,178,201,4
A,178,568,1
A,179,52,8
A,179,263,5
A,180,18,4
A,180,430,2
A,181,41,4
A,181,277,7
A,181,575,6
A,182,175,9
A,183,252,9
A,183,264,2
A,183,453,3
A,183,528,8
A,184,580,1
A,185,187,6
A,185,197,2
A,185,259,1
A,185,504,2
A,186,311,7
A,186,477,7
A,186,588,7
A,187,3,8
A,187,178,1
A,188,15,1
A,188,24,1
A,188,330,3
A,188,451,9
A,188,496,9
A,189,77,3
A,189,196,4
A,189,331,3
A,189,406,2
A,190,226,4
A,191,226,2
A,191,286,8
A,191,435,4
A,191,510,2
A,192,342,7
A,192,477,4
A,193,336,2
A,193,519,4
A,193,591,1
A,194,53,3
A,194,262,3
A,195,29,6
A,195,118,5
A,195,255,7
A,195,515,4
A,195,528,1
A,196,191,6
A,196,489,9
A,196,495,9
A,198,289,1
A,198,545,7
A,198,551,9
A,199,289,8
A,199,580,5
A,200,483,8
A,200,558,3
A,202,7,9
A,202,38,6
A,202,290,8
A,202,504,3
A,203,157,7
A,203,295,6
A,203,360,1
A,203,430,4
A,204,66,2
A,204,126,5
A,204,174,1
A,204,576,4
A,204,583,2
A,205,65,4
A,205,110,6
A,205,488,4
A,206,87,9
A,206,480,1
A,206,564,9
A,207,51,2
A,207,109,4
A,207,176,8
A,208,284,4
A,208,448,2
A,208,554,5
A,209,36,3
A,209,171,8
A,209,229,6
A,209,287,2
A,209,364,2
A,209,397,2
A,209,426,3
A,210,566,5
A,211,2,1
A,211,128,4
A,211,148,1
A,211,185,7
A,211,269,2
A,211,565,4
A,212,405,2
A,212,506,9
A,212,594,6
A,213,264,9
A,213,538,3
A,213,564,1
A,214,96,4
A,214,112,1
A,214,251,8
A,214,256,7
A,214,580,3
A,215,187,8
A,215,297,1
A,215,396,1
A,216,44,4
A,216,260,1
A,216,264,3
A,216,576,4
A,216,595,9
A,217,6,6
A,217,148,9
A,217,248,5
A,217,301,8
A,218,404,4
A,218,452,5
A,219,315,5
A,219,331,3
A,219,412,5
A,220,129,6
A,220,204,3
A,220,282,1
A,220,318,7
A,221,112,9
A,221,281,8
A,221,395,1
A,221,517,4
A,222,69,4
A,222,72,4
A,222,156,7
A,222,346,7
A,222,357,4
A,222,509,1
A,223,567,9
A,224,155,6
A,224,264,5
A,225,46,7
A,226,141,4
A,226,216,3
A,226,552,2
A,227,363,3
A,228,60,2
A,229,52,4
A,229,180,6
A,230,507,9
A,230,592,1
A,231,23,5
A,231,81,7
A,231,479,8
A,232,124,9
A,232,521,1
A,233,285,5
A,234,226,8
A,234,351,6
A,234,422,7
A,234,493,5
A,235,36,7
A,235,65,4
A,235,219,9
A,235,271,9
A,235,455,6
A,236,324,6
A,236,418,8
A,237,130,2
A,237,195,2
A,237,380,5
A,237,395,7
A,237,545,2
A,238,5,8
A,238,51,1
A,238,502,8
A,239,45,6
A,239,51,2
A,239,80,1
A,239,355,2
A,239,574,2
A,240,20,4
A,240,110,9
A,240,116,4
A,240,137,3
A,240,206,2
A,241,289,1
A,242,347,2
A,242,591,3
A,243,262,2
A,243,340,1
A,243,447,5
A,244,194,3
A,244,344,9
A,244,389,4
A,244,461,8
A,245,158,8
A,245,263,5
A,245,473,7
A,246,333,1
A,246,517,2
A,246,561,1
A,247,7,6
A,247,567,8
A,248,122,9
A,248,214,1
A,248,256,3
A,248,598,7
A,249,197,6
A,249,227,4
A,249,454,4
A,250,545,4
A,251,2,9
A,251,484,9
A,252,108,9
A,252,247,1
A,252,310,8
A,252,342,9
A,253,315,5
A,253,504,5
A,253,505,1
A,254,4,2
A,254,120,8
A,254,357,2
A,254,380,1
A,254,474,2
A,254,513,5
A,254,546,6
A,255,89,8
A,255,308,5
A,255,342,2
A,256,452,4
A,256,594,5
A,257,99,8
A,257,476,7
A,257,544,8
A,258,130,6
A,258,369,2
A,258,430,3
A,259,56,9
A,259,159,5
A,259,387,6
A,259,440,9
A,259,521,8
A,259,524,3
A,260,420,2
A,261,505,8
A,261,540,4
A,262,53,5
A,263,19,8
A,263,137,8
A,263,371,5
A,263,444,2
A,263,540,1
A,263,581,6
A,264,53,9
A,264,200,1
A,264,213,2
A,265,16,1
A,265,215,9
A,265,377,9
A,265,507,4
A,266,42,1
A,266,99,1
A,266,119,1
A,266,273,2
A,266,575,3
A,267,13,6
A,267,58,6
A,267,152,2
A,267,293,4
A,267,300,5
A,267,453,9
A,268,138,6
A,268,394,8
A,269,424,7
A,269,594,6
A,270,128,1
A,270,227,8
A,270,541,4
A,271,92,5
A,271,146,8
A,271,219,4
A,272,72,2
A,272,79,4
A,272,216,9
A,272,223,9
A,272,227,3
A,272,405,5
A,272,469,8
A,272,527,3
A,273,25,7
A,273,127,7
A,273,172,5
A,273,471,8
A,273,472,6
A,273,544,2
A,273,548,9
A,273,564,9
A,274,73,2
A,274,172,1
A,274,467,3
A,274,554,9
A,275,273,8
A,275,280,6
A,275,424,8
A,275,450,2
A,275,513,7
A,275,525,6
A,276,356,7
A,277,192,2
A,277,313,3
A,277,422,1
A,277,454,4
A,277,565,4
A,278,117,4
A,278,396,6
A,278,409,2
A,278,450,4
A,278,595,1
A,279,274,8
A,279,466,7
A,279,492,5
A,280,12,8
A,280,377,7
A,280,521,9
A,281,7,3
A,281,32,4
A,281,47,1
A,281,157,8
A,281,199,3
A,281,230,4
A,281,422,9
A,281,474,6
A,281,525,6
A,282,85,9
A,282,149,6
A,282,328,3
A,282,486,2
A,283,180,5
A,283,197,2
A,283,278,4
A,283,465,6
A,283,478,9
A,284,209,5
A,284,451,4
A,285,206,2
A,285,247,7
A,285,401,4
A,287,590,9
A,288,137,6
A,288,176,1
A,288,199,5
A,288,561,7
A,289,105,2
A,289,278,5
A,289,353,1
A,289,367,6
A,289,470,1
A,290,158,2
A,290,245,4
A,291,35,1
A,291,307,2
A,291,319,7
A,292,258,6
A,292,436,8
A,293,2,9
A,293,196,9
A,293,426,3
A,293,555,6
A,294,224,1
A,295,98,3
A,295,305,7
A,295,419,2
A,295,476,9
A,296,24,1
A,296,197,1
A,297,63,9
A,297,166,1
A,298,208,9
A,299,144,1
A,299,283,5
A,300,373,4
A,300,550,1
A,301,230,6
A,301,264,8
A,301,313,2
A,301,355,3
A,301,553,6
A,302,37,4
A,302,107,8
A,302,371,8
A,302,402,5
A,303,271,9
A,303,347,8
A,303,431,1
A,303,441,8
A,304,6,3
A,304,243,2
A,304,267,9
A,304,273,6
A,305,92,7
A,305,336,2
A,305,446,8
A,305,588,6
A,306,129,8
A,306,172,4
A,306,296,2
A,306,345,9
A,307,354,7
A,308,107,8
A,308,311,9
A,309,43,2
A,309,434,8
A,309,475,1
A,310,10,5
A,311,79,1
A,311,237,4
A,311,336,8
A,311,410,3
A,312,58,6
A,312,197,8
A,312,280,8
A,313,66,7
A,313,193,9
A,313,246,5
A,313,273,3
A,313,410,9
A,313,484,5
A,314,89,6
A,314,146,3
A,314,149,5
A,314,449,7
A,314,579,2
A,314,596,9
A,316,35,4
A,316,97,3
A,316,115,1
A,316,128,1
A,316,235,9
A,317,65,9
A,318,225,6
A,318,303,4
A,318,335,7
A,319,7,1
A,319,332,3
A,319,352,8
A,319,418,7
A,319,479,2
A,319,568,3
A,320,78,8
A,320,124,9
A,320,253,6
A,320,566,8
A,321,227,1
A,321,366,5
A,321,465,1
A,322,277,1
A,322,384,1
A,322,600,5
A,323,262,9
A,324,32,5
A,324,108,1
A,324,255,8
A,324,467,4
A,324,479,7
A,325,37,8
A,325,119,7
A,325,170,9
A,325,332,1
A,326,263,4
A,327,226,8
A,327,270,8
A,327,371,3
A,327,568,1
A,327,572,9
A,328,129,6
A,328,385,9
A,329,77,7
A,329,243,3
A,329,273,6
A,329,362,8
A,329,367,5
A,329,436,6
A,329,506,8
A,330,2,3
A,330,308,3
A,330,536,7
A,331,15,7
A,331,465,5
A,331,495,8
A,332,141,4
A,332,163,5
A,332,180,3
A,332,483,8
A,333,58,2
A,333,88,6
A,333,305,7
A,333,561,5
A,334,171,2
A,334,440,6
A,334,523,4
A,334,558,2
A,335,9,7
A,335,335,3
A,336,4,2
A,336,183,5
A,336,211,8
A,336,334,5
A,337,29,6
A,337,99,6
A,337,320,9
A,337,553,7
A,338,49,7
A,338,170,8
A,338,305,3
A,339,91,2
A,339,264,9
A,339,381,8
A,339,409,4
A,339,469,5
A,340,36,5
A,340,182,4
A,340,323,3
A,340,440,5
A,340,546,7
A,340,582,9
A,340,596,9
A,341,45,1
A,341,49,9
A,341,65,9
A,341,213,5
A,341,549,3
A,342,124,2
A,342,207,3
A,343,6,4
A,343,25,7
A,343,68,2
A,343,198,5
A,343,203,5
A,343,371,6
A,344,235,1
A,344,572,9
A,345,526,4
A,345,590,8
A,346,542,1
A,346,546,3
A,347,268,6
A,347,443,5
A,347,530,6
A,347,577,7
A,348,17,5
A,348,510,5
A,349,251,8
A,349,346,8
A,350,35,1
A,350,95,7
A,350,497,9
A,351,140,6
A,351,400,8
A,352,425,7
A,352,476,4
A,352,574,9
A,353,288,4
A,354,84,8
A,354,161,2
A,354,371,6
A,354,449,9
A,355,170,6
A,355,251,8
A,355,417,8
A,355,464,4
A,356,318,6
A,357,141,4
A,358,2,4
A,358,166,8
A,358,180,5
A,358,360,3
A,359,46,6
A,359,79,9
A,359,310,2
A,359,427,9
A,359,463,9
A,359,480,3
A,359,489,7
A,359,574,1
A,360,41,3
A,360,50,2
A,360,143,9
A,360,161,6
A,360,316,6
A,360,340,7
A,360,564,3
A,361,83,8
A,361,173,3
A,361,222,5
A,361,312,4
A,361,449,2
A,362,44,7
A,362,389,6
A,362,497,8
A,363,41,1
A,363,158,8
A,363,342,6
A,363,521,3
A,364,91,8
A,364,115,2
A,364,190,1
A,364,199,1
A,364,459,2
A,364,480,4
A,365,25,4
A,365,228,4
A,365,500,1
A,365,529,4
A,365,580,9
A,367,96,6
A,367,285,2
A,367,461,7
A,368,269,2
A,368,590,5
A,369,2,4
A,369,34,3
A,369,428,3
A,371,62,5
A,371,90,8
A,371,300,7
A,372,413,3
A,373,8,3
A,373,36,5
A,373,235,9
A,374,8,8
A,374,38,1
A,374,360,9
A,375,241,6
A,375,247,9
A,375,543,2
A,376,178,6
A,376,329,3
A,377,23,7
A,377,238,7
A,377,399,6
A,377,415,4
A,377,416,1
A,377,468,1
A,377,482,9
A,377,535,5
A,378,88,1
A,378,101,6
A,378,144,8
A,378,427,3
A,379,131,5
A,379,201,7
A,380,271,9
A,380,330,5
A,380,374,1
A,380,437,5
A,381,28,1
A,381,36,5
A,381,567,4
A,382,227,7
A,382,439,3
A,384,1,9
A,384,108,9
A,384,287,9
A,384,406,6
A,384,569,1
A,384,591,5
A,385,67,3
A,385,211,2
A,385,315,5
A,385,538,8
A,386,102,7
A,386,478,9
A,387,107,4
A,387,300,1
A,387,375,7
A,387,594,5
A,388,133,6
A,388,150,8
A,388,216,1
A,388,267,4
A,389,74,6
A,389,188,1
A,389,298,9
A,389,406,9
A,389,449,1
A,389,591,2
A,390,23,1
A,390,225,8
A,390,311,5
A,390,473,3
A,391,144,8
A,391,451,2
A,391,490,5
A,392,135,9
A,392,285,2
A,392,397,3
A,392,406,1
A,392,504,8
A,393,239,8
A,394,243,2
A,395,164,2
A,396,449,2
A,396,549,4
A,396,550,8
A,397,31,4
A,397,423,2
A,398,133,6
A,398,152,1
A,398,218,3
A,398,339,9
A,398,343,2
A,398,468,1
A,398,585,2
A,399,122,9
A,399,170,4
A,399,377,9
A,399,578,8
A,400,7,1
A,400,32,5
A,400,62,1
A,400,292,7
A,401,347,1
A,402,117,9
A,402,273,7
A,402,597,4
A,403,277,7
A,403,409,7
A,403,577,4
A,404,75,3
A,404,317,2
A,404,377,4
A,405,137,2
A,405,303,3
A,405,417,1
A,405,539,9
A,405,558,3
A,405,586,6
A,406,38,5
A,406,149,1
A,407,129,6
A,407,183,6
A,407,236,4
A,407,397,5
A,408,273,9
A,408,303,9
A,408,543,2
A,408,550,8
A,409,8,5
A,409,198,2
A,411,39,4
A,411,294,3
A,411,511,5
A,411,568,8
A,412,445,4
A,413,570,2
A,414,120,9
A,414,129,3
A,414,585,9
A,415,90,1
A,415,407,2
A,416,460,7
A,416,502,1
A,417,55,4
A,417,153,8
A,417,157,3
A,417,335,6
A,419,225,5
A,419,367,5
A,419,545,1
A,420,271,3
A,420,414,8
A,421,5,6
A,421,108,7
A,421,163,8
A,421,193,3
A,421,295,2
A,421,374,4
A,421,478,4
A,421,522,3
A,421,586,7
A,422,186,9
A,422,261,2
A,423,229,6
A,423,363,7
A,423,488,3
A,424,66,7
A,424,392,3
A,424,487,9
A,425,104,8
A,425,448,3
A,425,462,2
A,425,558,4
A,426,27,9
A,426,131,9
A,426,432,7
A,426,456,5
A,427,33,2
A,427,40,8
A,427,207,8
A,427,279,4
A,427,442,7
A,427,449,1
A,428,10,5
A,428,32,6
A,428,478,5
A,429,1,4
A,429,118,5
A,429,129,1
A,429,320,5
A,429,554,2
A,430,501,1
A,431,151,9
A,431,176,5
A,431,197,4
A,431,298,3
A,432,2,6
A,432,269,4
A,432,479,3
A,433,73,4
A,433,248,6
A,433,298,9
A,433,411,9
A,433,438,5
A,433,507,4
A,433,592,5
A,434,535,9
A,434,587,1
A,435,105,1
A,435,150,6
A,435,276,4
A,435,555,1
A,436,310,3
A,437,121,3
A,437,451,8
A,437,465,7
A,438,122,7
A,439,115,6
A,439,150,8
A,439,481,1
A,439,585,9
A,440,89,2
A,440,186,2
A,440,225,1
A,440,428,5
A,440,478,6
A,440,573,8
A,441,36,1
A,442,200,2
A,442,221,1
A,442,562,2
A,443,148,7
A,443,205,7
A,444,333,2
A,445,37,6
A,445,104,4
A,445,133,3
A,445,417,9
A,446,466,8
A,447,30,3
A,447,60,4
A,447,444,4
A,447,522,5
A,448,18,7
A,448,307,4
A,448,349,6
A,448,355,1
A,448,362,8
A,449,63,2
A,449,121,3
A,449,345,8
A,449,451,4
A,450,281,8
A,451,411,1
A,451,446,1
A,451,478,6
A,452,81,7
A,452,281,2
A,452,289,2
A,453,402,3
A,453,429,2
A,453,467,6
A,454,373,9
A,455,261,3
A,455,551,4
A,456,63,1
A,456,362,8
A,457,29,8
A,457,86,1
A,457,168,6
A,457,203,4
A,457,322,9
A,457,381,6
A,458,94,2
A,459,123,4
A,459,127,8
A,459,337,9
A,459,520,4
A,460,302,5
A,460,508,3
A,461,48,4
A,461,223,2
A,461,371,7
A,462,138,1
A,462,450,6
A,463,210,2
A,463,228,6
A,464,13,3
A,464,119,4
A,464,158,3
A,464,270,2
A,464,465,6
A,464,539,5
A,465,52,1
A,465,174,4
A,465,220,8
A,465,272,9
A,465,279,8
A,465,507,4
A,466,177,4
A,467,212,9
A,467,334,9
A,467,459,8
A,467,489,3
A,467,575,3
A,468,93,8
A,468,134,8
A,468,230,6
A,468,541,7
A,469,98,3
A,469,100,5
A,469,135,4
A,469,168,8
A,469,421,6
A,469,469,5
A,469,561,4
A,470,171,8
A,470,275,9
A,470,407,3
A,471,246,7
A,471,572,9
A,472,76,7
A,472,126,9
A,474,250,6
A,474,423,8
A,474,505,1
A,475,257,1
A,475,445,6
A,476,169,2
A,476,410,9
A,476,476,3
A,477,55,1
A,477,347,2
A,477,422,3
A,478,71,5
A,478,233,6
A,478,521,2
A,478,575,9
A,479,106,2
A,479,437,2
A,479,517,3
A,479,523,2
A,480,101,3
A,480,289,5
A,481,37,3
A,481,209,2
A,481,358,1
A,481,403,4
A,481,419,4
A,481,594,7
A,482,502,8
A,482,565,2
A,484,34,3
A,484,232,7
A,484,403,7
A,484,449,8
A,486,503,4
A,487,243,8
A,487,246,3
A,487,337,3
A,488,41,3
A,488,58,9
A,488,229,9
A,488,389,8
A,488,393,1
A,488,512,2
A,488,540,1
A,489,64,2
A,489,206,2
A,489,392,2
A,490,213,3
A,490,269,3
A,490,349,4
A,491,7,9
A,491,25,9
A,491,41,5
A,491,146,1
A,491,255,5
A,491,419,2
A,491,430,9
A,492,572,5
A,493,333,6
A,494,180,3
A,494,356,8
A,495,82,9
A,495,260,6
A,495,290,1
A,495,546,3
A,496,78,9
A,496,84,6
A,496,95,1
A,497,173,7
A,497,373,5
A,497,421,9
A,497,430,6
A,497,561,4
A,498,409,8
A,498,493,4
A,498,548,9
A,498,563,9
A,499,46,6
A,499,329,6
A,499,385,3
A,500,29,9
A,500,127,8
A,500,133,5
A,500,238,9
A,500,380,1
A,500,407,8
A,500,425,6
A,500,458,9
A,500,586,9
B,1,206,6
B,1,332,6
B,1,382,7
B,2,343,5
B,2,395,4
B,3,141,6
B,3,216,9
B,4,170,1
B,4,258,6
B,4,269,5
B,5,131,5
B,6,44,4
B,6,69,3
B,6,160,4
B,6,214,2
B,6,355,6
B,6,373,7
B,8,21,2
B,8,75,2
B,8,121,8
B,8,174,6
B,8,199,4
B,8,278,5
B,8,393,3
B,9,74,2
B,9,98,8
B,9,108,6
B,10,18,4
B,10,23,9
B,10,113,9
B,10,192,1
B,10,273,4
B,10,290,7
B,10,371,3
B,10,382,1
B,11,152,2
B,11,179,9
B,11,185,4
B,11,290,3
B,12,48,1
B,12,127,1
B,12,289,4
B,12,294,7
B,12,331,2
B,13,23,8
B,13,27,2
B,13,82,2
B,13,338,9
B,14,32,4
B,14,78,5
B,14,143,2
B,14,256,9
B,15,27,7
B,15,42,4
B,15,79,6
B,18,11,9
B,18,89,6
B,18,108,2
B,18,171,7
B,18,286,8
B,19,41,8
B,19,166,7
B,19,208,4
B,19,210,4
B,19,308,8
B,19,336,4
B,20,171,2
B,21,1,7
B,21,217,1
B,22,17,6
B,22,33,9
B,22,116,2
B,22,206,4
B,22,217,6
B,22,238,2
B,23,70,4
B,23,200,9
B,23,394,4
B,24,152,8
B,25,95,1
B,25,171,1
B,25,320,6
B,26,41,1
B,26,134,8
B,26,161,1
B,26,334,8
B,27,30,6
B,28,82,7
B,28,188,2
B,28,222,1
B,29,115,9
B,30,3,6
B,30,185,5
B,30,259,3
B,30,332,9
B,31,50,6
B,32,20,5
B,32,119,3
B,32,310,2
B,32,391,2
B,33,59,9
B,33,137,8
B,33,191,3
B,34,99,6
B,34,380,3
B,35,324,8
B,36,114,6
B,36,186,8
B,36,346,4
B,36,359,6
B,36,377,9
B,37,103,5
B,37,154,1
B,37,282,7
B,38,102,2
B,38,184,4
B,38,194,1
B,39,190,1
B,39,283,4
B,39,355,3
B,39,363,7
B,40,11,9
B,40,262,9
B,40,377,3
B,41,81,4
B,41,175,1
B,41,209,6
B,42,188,8
B,42,365,5
B,43,229,2
B,43,299,7
B,43,368,3
B,43,380,2
B,44,60,3
B,44,350,8
B,45,247,8
B,45,296,9
B,46,48,5
B,46,65,7
B,46,213,9
B,47,77,8
B,47,143,4
B,47,235,5
B,47,348,6
B,48,22,7
B,48,115,3
B,49,178,6
B,49,370,7
B,50,88,4
B,50,178,7
B,50,332,7
B,51,58,7
B,52,91,5
B,52,248,4
B,53,96,7
B,54,293,2
B,54,392,1
B,55,126,1
B,55,312,4
B,56,6,6
B,56,108,5
B,56,240,5
B,56,325,4
B,56,355,7
B,57,57,6
B,57,98,2
B,57,142,7
B,57,181,6
B,58,353,6
B,59,237,7
B,60,264,6
B,61,166,3
B,62,270,5
B,63,113,2
B,64,95,8
B,64,191,6
B,64,248,9
B,64,345,7
B,64,355,5
B,65,13,3
B,65,89,9
B,65,132,8
B,65,338,6
B,66,179,2
B,66,210,2
B,66,351,8
B,68,41,9
B,68,137,8
B,69,71,8
B,69,110,2
B,69,195,1
B,69,357,9
B,70,104,3
B,70,132,7
B,70,138,8
B,71,113,2
B,71,142,2
B,71,221,7
B,71,319,6
B,72,37,5
B,73,10,8
B,73,266,7
B,73,276,2
B,73,284,4
B,73,326,1
B,74,29,6
B,74,69,7
B,75,38,8
B,75,171,3
B,75,217,7
B,75,360,4
B,76,291,9
B,77,257,4
B,77,302,1
B,77,325,1
B,77,331,2
B,78,44,8
B,78,123,8
B,79,43,2
B,79,44,3
B,80,46,6
B,80,366,9
B,81,32,6
B,81,44,9
B,81,47,1
B,82,338,6
B,83,305,6
B,84,93,6
B,84,107,2
B,84,268,8
B,85,396,7
B,86,52,9
B,86,54,4
B,86,319,3
B,87,288,1
B,88,320,2
B,89,274,2
B,90,38,2
B,90,232,8
B,91,133,5
B,92,335,1
B,93,73,6
B,94,5,3
B,94,67,9
B,95,217,5
B,95,242,8
B,95,255,9
B,95,398,5
B,96,164,7
B,97,53,2
B,97,76,6
B,97,217,1
B,97,313,8
B,97,356,3
B,98,274,7
B,98,298,7
B,99,40,3
B,99,198,3
B,99,281,1
B,100,184,5
B,101,38,9
B,101,229,6
B,101,275,3
B,101,352,7
B,101,376,4
B,103,101,3
B,103,165,4
B,103,347,3
B,104,36,1
B,104,56,5
B,104,333,3
B,104,362,2
B,105,145,1
B,105,164,7
B,105,232,3
B,106,228,1
B,106,258,8
B,106,312,5
B,106,333,5
B,107,56,3
B,107,64,2
B,107,87,9
B,107,133,4
B,107,244,9
B,107,313,3
B,108,45,5
B,109,395,8
B,110,68,7
B,110,87,9
B,110,388,4
B,111,79,6
B,111,195,6
B,111,258,2
B,112,23,7
B,113,247,9
B,114,40,3
B,114,235,7
B,115,15,4
B,115,225,1
B,115,251,7
B,116,7,8
B,116,56,3
B,116,127,8
B,116,165,8
B,116,190,8
B,116,249,6
B,116,276,3
B,116,315,2
B,117,30,6
B,117,62,5
B,117,102,7
B,117,160,3
B,117,387,5
B,118,132,4
B,118,311,8
B,119,52,7
B,119,195,4
B,119,263,8
B,120,99,9
B,121,346,4
B,122,44,8
B,122,98,8
B,122,236,7
B,122,282,6
B,122,376,2
B,123,4,6
B,123,87,6
B,123,268,5
B,124,104,7
B,124,163,4
B,124,200,4
B,124,265,8
B,124,350,3
B,125,142,8
B,125,157,7
B,125,250,3
B,126,54,7
B,127,169,5
B,128,13,5
B,128,50,8
B,128,168,1
B,130,146,9
B,130,183,1
B,130,190,5
B,130,232,6
B,131,384,8
B,132,125,7
B,132,184,8
B,132,188,2
B,132,393,9
B,133,172,1
B,134,47,2
B,134,68,6
B,134,143,6
B,134,147,3
B,134,303,9
B,134,384,1
B,135,341,9
B,136,70,2
B,136,181,6
B,136,256,6
B,136,267,1
B,137,34,2
B,138,249,3
B,138,276,2
B,138,342,1
B,139,60,1
B,139,74,4
B,139,87,4
B,139,102,7
B,139,203,3
B,139,253,8
B,139,326,7
B,139,375,6
B,140,4,4
B,140,95,5
B,140,146,5
B,140,310,5
B,140,382,3
B,141,184,7
B,141,281,2
B,142,5,7
B,142,20,5
B,142,44,3
B,142,52,8
B,142,77,5
B,142,99,8
B,142,185,6
B,142,328,8
B,142,344,7
B,143,158,6
B,143,194,1
B,143,300,4
B,143,332,9
B,144,107,2
B,144,360,3
B,145,199,1
B,146,399,5
B,147,391,9
B,148,132,6
B,148,321,7
B,148,335,9
B,148,372,3
B,150,58,9
B,150,224,7
B,150,360,1
B,151,92,2
B,151,107,5
B,151,110,2
B,151,116,2
B,153,53,1
B,154,260,2
B,155,28,1
B,155,85,1
B,155,110,3
B,155,116,9
B,155,187,2
B,155,263,3
B,156,232,3
B,157,105,2
B,157,123,3
B,157,294,3
B,158,44,3
B,158,51,5
B,158,52,9
B,158,79,9
B,158,80,8
B,158,165,3
B,158,260,8
B,158,355,4
B,158,372,5
B,159,67,9
B,159,154,9
B,159,219,1
B,159,306,7
B,161,165,3
B,162,296,7
B,162,379,6
B,163,48,3
B,163,253,1
B,164,42,4
B,164,49,7
B,164,160,2
B,164,259,2
B,165,69,3
B,165,258,8
B,165,377,9
B,167,73,8
B,167,75,7
B,168,361,2
B,169,156,3
B,170,98,5
B,170,117,8
B,170,172,3
B,170,228,6
B,170,262,9
B,170,278,9
B,170,346,9
B,171,124,7
B,171,167,5
B,171,206,9
B,171,308,2
B,172,179,4
B,173,153,3
B,173,199,8
B,173,290,8
B,174,21,7
B,174,29,3
B,174,97,8
B,174,325,5
B,174,330,6
B,174,387,8
B,174,396,3
B,175,256,4
B,175,381,1
B,176,380,4
B,177,14,6
B,177,150,8
B,177,261,9
B,177,368,3
B,178,283,1
B,179,71,1
B,179,185,6
B,179,228,4
B,179,280,3
B,180,149,5
B,180,163,7
B,180,315,7
B,180,393,2
B,181,23,5
B,181,232,8
B,182,133,6
B,182,136,3
B,182,292,3
B,182,379,8
B,183,10,3
B,183,22,6
B,183,120,6
B,184,84,3
B,184,90,9
B,184,345,4
B,185,221,5
B,185,347,8
B,186,187,5
B,186,254,5
B,187,141,7
B,187,244,4
B,188,24,6
B,188,125,2
B,188,380,1
B,189,134,1
B,189,298,8
B,189,329,1
B,190,113,2
B,191,119,8
B,192,298,2
B,193,109,4
B,193,273,6
B,194,10,4
B,194,146,8
B,194,240,8
B,195,186,2
B,195,209,1
B,196,12,8
B,196,80,7
B,196,118,7
B,196,192,9
B,196,379,2
B,197,214,7
B,198,88,4
B,199,53,4
B,199,113,6
B,199,133,5
B,199,302,5
B,200,138,6
B,200,268,2
B,201,289,2
B,201,378,8
B,202,87,4
B,202,180,8
B,202,223,5
B,203,85,9
B,203,131,1
B,203,219,2
B,203,294,3
B,204,37,2
B,204,203,9
B,204,214,2
B,204,244,2
B,204,256,3
B,204,280,6
B,205,32,7
B,206,115,4
B,206,139,9
B,206,163,5
B,206,173,9
B,206,232,2
B,207,124,3
B,208,183,6
B,208,187,9
B,208,233,1
B,209,385,6
B,210,223,8
B,210,389,7
B,212,121,1
B,212,130,9
B,212,158,1
B,213,219,7
B,213,269,8
B,213,280,9
B,214,125,4
B,214,141,7
B,215,30,7
B,216,258,9
B,216,281,3
B,216,321,8
B,218,74,8
B,218,369,1
B,219,135,5
B,219,382,5
B,220,334,2
B,221,68,8
B,221,88,9
B,221,175,2
B,221,259,5
B,221,271,5
B,221,298,9
B,222,37,2
B,222,72,9
B,222,78,1
B,222,90,7
B,222,137,4
B,222,251,2
B,222,320,5
B,222,327,1
B,222,334,1
B,223,110,5
B,224,15,2
B,224,152,6
B,225,60,1
B,225,153,1
B,225,172,6
B,225,228,8
B,225,319,1
B,226,82,5
B,226,194,9
B,226,245,5
B,226,252,1
B,227,110,7
B,227,140,1
B,227,164,8
B,227,171,1
B,227,354,2
B,228,63,4
B,228,341,5
B,229,330,3
B,230,99,3
B,230,282,9
B,230,311,6
B,230,388,4
B,231,87,9
B,231,358,2
B,232,13,6
B,232,154,5
B,234,75,8
B,234,144,9
B,235,195,8
B,235,256,3
B,235,365,6
B,236,146,2
B,236,236,6
B,236,261,4
B,236,298,7
B,237,271,5
B,237,370,7
B,238,237,5
B,239,17,5
B,239,66,7
B,239,123,5
B,239,215,1
B,239,272,7
B,239,299,4
B,239,393,2
B,240,50,8
B,240,134,7
B,240,212,2
B,241,240,4
B,241,328,7
B,241,337,6
B,242,21,4
B,242,242,5
B,242,262,8
B,242,294,4
B,242,296,1
B,242,311,7
B,242,347,3
B,243,95,4
B,243,232,4
B,243,314,8
B,246,89,6
B,247,200,9
B,247,226,8
B,247,254,5
B,247,280,3
B,247,284,3
B,247,393,8
B,248,104,1
B,248,198,2
B,249,86,5
B,249,150,5
B,249,226,6
B,250,123,3
B,250,165,1
B,251,102,2
B,251,326,8
B,252,334,6
B,253,149,8
B,253,353,8
B,253,383,1
B,254,113,6
B,255,158,2
B,255,344,6
B,256,131,4
B,256,200,3
B,257,312,6
B,258,136,8
B,258,157,7
B,258,163,1
B,258,395,7
B,260,147,9
B,260,261,7
B,260,285,1
B,260,371,4
B,261,184,2
B,261,395,1
B,262,51,5
B,262,215,7
B,262,253,1
B,262,327,2
B,262,369,2
B,263,381,8
B,263,392,7
B,264,21,8
B,264,86,6
B,264,91,4
B,264,311,5
B,265,29,4
B,265,278,6
B,266,162,5
B,266,226,9
B,266,245,1
B,266,348,6
B,267,119,4
B,268,209,3
B,268,245,7
B,269,14,3
B,269,99,3
B,269,156,9
B,269,261,3
B,269,331,8
B,269,339,2
B,269,353,5
B,269,354,5
B,270,42,1
B,270,377,7
B,271,113,1
B,272,103,7
B,272,144,7
B,272,350,1
B,272,357,1
B,273,22,2
B,273,58,5
B,273,349,7
B,273,371,8
B,274,310,8
B,274,347,5
B,275,65,9
B,275,72,2
B,275,177,1
B,275,278,6
B,275,324,9
B,275,353,9
B,276,175,9
B,276,186,4
B,276,334,3
B,277,75,8
B,277,230,2
B,277,349,2
B,277,373,2
B,278,186,4
B,278,276,3
B,278,375,9
B,279,105,4
B,279,294,7
B,279,368,8
B,280,5,8
B,280,84,1
B,280,170,1
B,280,218,6
B,281,178,9
B,281,223,8
B,281,268,5
B,281,340,3
B,282,106,6
B,282,123,3
B,282,132,5
B,282,227,4
B,282,259,2
B,283,127,2
B,283,229,1
B,283,243,5
B,283,251,3
B,283,335,8
B,283,400,8
B,284,156,8
B,284,291,4
B,285,85,3
B,285,173,4
B,285,236,6
B,285,268,5
B,286,198,1
B,288,171,8
B,289,199,3
B,289,229,6
B,289,230,8
B,289,342,6
B,290,123,9
B,290,199,3
B,290,245,9
B,290,315,8
B,291,247,3
B,291,254,6
B,292,67,2
B,292,314,3
B,292,345,5
B,292,362,8
B,293,36,1
B,293,208,4
B,294,111,3
B,294,304,7
B,294,309,7
B,294,349,6
B,294,372,3
B,295,5,1
B,295,107,4
B,295,177,1
B,295,195,3
B,295,344,8
B,296,388,6
B,297,30,6
B,298,62,5
B,298,270,8
B,298,370,3
B,300,113,1
B,300,171,5
B,300,306,4
B,301,215,6
B,301,233,7
B,302,205,4
B,302,312,5
B,303,64,3
B,303,252,7
B,303,393,1
B,305,4,7
B,305,134,5
B,305,192,1
B,305,233,7
B,305,290,2
B,305,397,1
B,306,75,3
B,306,79,4
B,306,167,2
B,307,394,7
B,308,40,3
B,309,45,1
B,309,132,3
B,309,280,2
B,309,326,4
B,310,347,1
B,311,78,3
B,311,82,1
B,311,128,5
B,311,266,5
B,312,1,6
B,312,342,2
B,313,66,5
B,313,223,1
B,313,338,6
B,314,4,4
B,314,40,6
B,314,262,4
B,314,362,2
B,315,145,3
B,316,161,3
B,316,237,3
B,317,57,1
B,317,86,8
B,317,286,3
B,317,330,6
B,317,368,8
B,318,36,9
B,318,110,6
B,318,329,9
B,319,77,3
B,319,86,7
B,319,139,6
B,319,371,7
B,319,385,2
B,320,219,4
B,320,333,8
B,321,102,3
B,321,351,7
B,322,305,7
B,322,352,2
B,322,360,9
B,323,23,6
B,323,52,2
B,323,60,9
B,323,82,6
B,323,99,3
B,323,194,5
B,323,306,5
B,323,352,5
B,324,27,9
B,324,226,9
B,324,374,8
B,325,192,8
B,325,231,8
B,325,369,1
B,326,22,1
B,326,43,3
B,326,62,1
B,326,67,9
B,326,271,6
B,327,241,3
B,327,319,8
B,328,2,2
B,328,166,9
B,329,55,6
B,329,330,4
B,330,269,3
B,330,381,5
B,330,388,7
B,331,22,7
B,331,49,8
B,331,275,5
B,331,357,5
B,332,96,2
B,332,171,8
B,332,192,9
B,332,379,3
B,333,2,7
B,333,10,6
B,334,102,8
B,334,113,1
B,334,249,8
B,334,269,3
B,334,393,1
B,335,32,3
B,335,206,1
B,335,329,6
B,337,77,8
B,337,250,1
B,337,285,9
B,337,302,9
B,337,307,7
B,338,36,7
B,339,376,4
B,340,371,9
B,341,99,8
B,341,146,5
B,341,379,3
B,342,339,2
B,343,64,8
B,343,193,4
B,343,224,2
B,343,375,7
B,344,21,4
B,344,207,8
B,344,257,7
B,344,396,9
B,345,14,2
B,345,47,2
B,346,146,2
B,346,242,7
B,347,69,6
B,347,106,6
B,347,260,7
B,348,172,2
B,348,231,3
B,348,251,5
B,348,395,6
B,349,107,2
B,349,131,7
B,349,338,9
B,350,60,6
B,350,109,7
B,350,136,5
B,351,197,8
B,352,367,5
B,353,399,3
B,354,153,8
B,354,184,7
B,355,192,3
B,355,294,6
B,355,377,6
B,356,98,2
B,356,303,9
B,357,4,5
B,357,14,7
B,357,135,9
B,357,228,7
B,357,317,5
B,357,367,6
B,358,95,9
B,358,267,3
B,359,181,6
B,359,399,2
B,360,100,3
B,360,120,4
B,360,128,5
B,360,245,9
B,360,266,9
B,360,306,5
B,361,204,5
B,361,262,1
B,362,161,2
B,362,223,5
B,362,294,4
B,362,302,1
B,362,362,2
B,363,107,9
B,363,137,2
B,363,161,8
B,363,163,4
B,363,169,2
B,363,173,8
B,363,195,8
B,364,81,8
B,364,90,2
B,364,112,3
B,364,274,3
B,365,120,9
B,366,124,9
B,366,264,7
B,367,13,2
B,367,136,7
B,367,222,7
B,367,285,4
B,367,333,7
B,367,356,3
B,368,200,1
B,368,301,4
B,369,33,7
B,369,76,7
B,369,113,5
B,369,371,2
B,370,102,7
B,370,114,6
B,370,231,2
B,371,149,9
B,372,173,9
B,373,157,6
B,373,187,7
B,373,224,8
B,373,291,8
B,373,307,9
B,373,310,6
B,373,337,4
B,374,133,3
B,375,110,1
B,375,170,1
B,375,216,2
B,375,231,6
B,376,40,9
B,376,84,3
B,376,229,5
B,376,260,9
B,376,321,8
B,378,308,9
B,378,359,4
B,379,88,7
B,379,205,4
B,379,219,3
B,380,340,8
B,381,27,9
B,381,108,5
B,381,188,6
B,381,262,4
B,381,286,7
B,381,380,9
B,382,57,1
B,382,248,6
B,383,47,5
B,383,67,8
B,383,382,3
B,384,9,5
B,384,40,7
B,384,84,1
B,384,117,6
B,384,167,2
B,384,250,4
B,384,306,5
B,384,352,3
B,385,156,1
B,385,191,4
B,385,216,1
B,385,291,9
B,385,293,7
B,386,137,9
B,386,221,2
B,386,315,7
B,387,51,3
B,387,125,7
B,387,248,9
B,387,347,2
B,387,351,7
B,388,71,3
B,389,114,2
B,389,133,2
B,389,149,5
B,390,70,9
B,390,339,7
B,390,396,6
B,392,172,5
B,392,315,7
B,393,7,1
B,393,34,2
B,393,219,2
B,393,301,8
B,393,360,2
B,393,383,7
B,394,119,3
B,394,143,2
B,394,303,8
B,394,382,1
B,394,384,4
B,395,329,2
B,396,161,5
B,396,172,6
B,396,173,3
B,396,226,5
B,396,352,2
B,397,296,7
B,397,328,3
B,398,300,8
B,398,373,6
B,399,277,3
B,400,5,8
B,400,261,9
B,400,340,5
B,401,46,1
B,401,182,3
B,402,14,5
B,402,84,5
B,402,100,7
B,402,165,3
B,402,189,5
B,402,354,3
B,403,158,8
B,403,179,2
B,403,197,3
B,403,211,1
B,404,4,3
B,404,54,6
B,404,202,5
B,404,388,5
B,406,92,7
B,406,123,6
B,406,211,3
B,406,276,6
B,407,67,1
B,407,158,3
B,407,198,4
B,407,252,2
B,407,283,6
B,408,109,6
B,408,357,6
B,409,172,6
B,410,13,9
B,410,211,6
B,411,196,6
B,411,239,5
B,412,120,2
B,413,66,9
B,414,231,4
B,414,296,3
B,414,392,5
B,415,370,9
B,417,62,7
B,417,154,1
B,417,275,7
B,417,395,1
B,418,77,3
B,418,81,9
B,418,129,8
B,418,189,3
B,418,310,5
B,420,186,8
B,420,327,7
B,420,392,4
B,421,258,8
B,422,125,1
B,422,253,9
B,422,373,8
B,423,122,5
B,423,216,1
B,423,227,8
B,423,363,2
B,424,9,1
B,424,195,2
B,424,236,5
B,424,287,7
B,425,62,6
B,425,112,8
B,425,118,5
B,425,153,4
B,425,160,8
B,425,263,4
B,425,382,5
B,426,79,3
B,426,218,3
B,426,316,9
B,426,398,5
B,427,143,9
B,427,251,4
B,428,335,8
B,429,245,9
B,429,279,7
B,429,282,2
B,429,291,6
B,430,75,7
B,430,117,5
B,430,240,6
B,430,315,9
B,430,344,9
B,431,130,3
B,432,266,5
B,432,388,3
B,433,38,4
B,433,182,1
B,433,191,6
B,433,229,2
B,433,294,2
B,434,326,2
B,435,126,6
B,436,148,1
B,436,170,7
B,436,268,8
B,436,280,4
B,436,342,7
B,437,48,9
B,437,49,7
B,437,344,2
B,437,358,8
B,438,107,2
B,439,65,1
B,439,210,1
B,439,319,7
B,439,327,2
B,440,135,5
B,440,226,3
B,440,318,6
B,440,344,6
B,441,47,4
B,441,130,2
B,441,229,9
B,441,282,6
B,441,310,9
B,442,251,5
B,442,299,8
B,442,320,6
B,442,353,1
B,443,31,3
B,443,39,6
B,443,171,3
B,443,303,9
B,444,102,7
B,444,218,6
B,444,303,9
B,445,2,4
B,445,84,9
B,445,154,3
B,445,204,5
B,446,32,4
B,446,119,6
B,446,232,6
B,447,255,7
B,447,346,9
B,448,242,8
B,448,294,9
B,448,386,3
B,449,43,9
B,449,183,7
B,449,222,7
B,449,293,8
B,449,356,5
B,449,394,2
B,450,43,7
B,450,123,4
B,450,132,8
B,450,347,1
B,450,373,4
B,451,338,2
B,452,2,6
B,452,62,2
B,452,138,5
B,452,306,4
B,452,320,9
B,452,386,7
B,452,394,3
B,453,228,6
B,454,111,8
B,454,280,6
B,454,304,8
B,454,372,3
B,455,215,4
B,455,393,2
B,456,69,6
B,456,228,9
B,456,369,4
B,460,146,1
B,460,306,4
B,461,41,4
B,461,196,5
B,462,10,2
B,462,87,5
B,462,250,9
B,462,356,8
B,463,42,3
B,464,388,5
B,465,33,3
B,465,269,9
B,466,230,9
B,466,385,1
B,467,257,4
B,468,175,9
B,469,86,7
B,469,124,5
B,469,252,2
B,469,319,8
B,469,367,9
B,470,106,6
B,470,176,9
B,471,80,8
B,471,157,8
B,471,358,4
B,474,316,1
B,475,317,4
B,476,135,2
B,476,154,4
B,476,179,3
B,476,212,9
B,476,255,6
B,477,199,4
B,477,243,3
B,477,380,9
B,478,236,5
B,479,261,8
B,479,297,7
B,480,50,9
B,480,173,4
B,481,57,7
B,481,163,3
B,481,174,7
B,481,249,6
B,481,320,8
B,482,133,2
B,482,215,1
B,484,18,5
B,484,30,9
B,484,102,2
B,484,343,9
B,484,371,6
B,486,172,7
B,486,278,2
B,487,163,9
B,487,241,9
B,487,395,6
B,488,163,1
B,489,35,5
B,489,133,7
B,489,391,5
B,490,50,1
B,490,137,1
B,490,213,2
B,490,281,6
B,491,166,8
B,491,215,9
B,491,259,4
B,491,387,9
B,492,192,1
B,493,65,1
B,493,194,9
B,493,199,1
B,494,300,4
B,494,323,3
B,494,351,3
B,495,6,7
B,495,156,8
B,495,177,1
B,495,211,2
B,496,155,1
B,497,20,5
B,497,96,3
B,497,259,2
B,497,290,6
B,497,322,7
B,498,85,5
B,498,284,6
B,498,363,9
B,499,56,8
B,499,98,9
B,499,274,8
B,499,308,6
B,499,342,9
B,500,25,6
B,500,113,5
B,500,162,5
B,501,169,7
B,501,367,2
B,501,396,5
B,502,117,7
B,503,39,4
B,503,98,3
B,503,148,2
B,504,277,7
B,505,190,3
B,505,300,8
B,505,374,7
B,505,380,9
B,506,133,6
B,506,193,7
B,506,304,6
B,507,20,7
B,507,193,8
B,508,89,8
B,508,171,8
B,508,341,7
B,509,42,3
B,509,161,5
B,509,310,2
B,510,73,3
B,511,37,9
B,511,38,6
B,511,344,5
B,512,103,4
B,512,132,1
B,513,66,4
B,513,141,9
B,513,240,1
B,513,381,8
B,514,54,8
B,514,157,7
B,514,237,3
B,515,63,4
B,515,143,9
B,515,227,3
B,515,241,3
B,517,68,8
B,518,255,2
B,518,270,3
B,518,388,7
B,519,30,3
B,519,104,1
B,519,209,1
B,519,287,6
B,520,61,7
B,520,150,5
B,520,276,9
B,520,386,1
B,521,59,2
B,521,64,9
B,523,39,7
B,523,287,7
B,523,309,1
B,524,206,6
B,525,60,2
B,525,83,5
B,525,312,3
B,525,391,6
B,526,82,6
B,527,377,6
B,529,129,9
B,529,376,4
B,530,121,8
B,530,384,5
B,531,9,1
B,531,339,1
B,532,16,6
B,532,57,6
B,532,88,7
B,532,399,6
B,533,303,6
B,533,334,4
B,534,195,4
B,535,374,5
B,536,121,7
B,536,224,2
B,536,309,6
B,536,365,6
B,538,350,6
B,539,116,7
B,539,236,9
B,539,245,6
B,539,343,2
B,540,329,3
B,541,102,5
B,541,222,9
B,541,262,1
B,541,311,4
B,541,383,7
B,542,14,6
B,542,38,1
B,543,84,9
B,543,177,3
B,543,286,9
B,543,360,8
B,544,297,2
B,544,344,9
B,545,38,5
B,548,19,9
B,548,133,4
B,548,220,1
B,548,324,9
B,549,67,8
B,549,313,1
B,549,327,7
B,549,338,3
B,550,35,4
B,550,67,3
B,550,73,1
B,550,75,6
B,551,159,1
B,551,324,8
B,551,348,6
B,552,8,9
B,552,19,1
B,552,107,8
B,552,294,3
B,553,274,5
B,553,277,5
B,554,336,5
B,555,305,5
B,556,80,6
B,556,177,1
B,556,307,2
B,557,47,8
B,557,380,1
B,558,120,9
B,558,308,7
B,559,29,3
B,559,59,7
B,559,238,4
B,560,42,2
B,560,78,9
B,560,155,8
B,560,175,6
B,561,92,3
B,561,153,8
B,562,97,4
B,562,115,4
B,562,142,4
B,562,152,4
B,562,236,6
B,562,285,2
B,562,287,2
B,562,293,9
B,563,144,3
B,563,193,8
B,564,51,4
B,564,133,1
B,564,231,9
B,564,366,3
B,565,62,4
B,565,64,8
B,566,113,2
B,566,340,5
B,567,26,7
B,567,205,6
B,567,232,1
B,567,353,1
B,567,392,2
B,568,23,7
B,568,234,8
B,568,355,6
B,569,94,2
B,569,189,9
B,569,288,8
B,569,347,9
B,570,259,6
B,570,350,3
B,570,354,2
B,571,65,2
B,571,70,2
B,573,137,3
B,573,160,1
B,573,351,2
B,574,8,5
B,574,219,9
B,574,265,7
B,575,44,1
B,575,129,5
B,576,185,9
B,577,68,6
B,577,110,9
B,578,286,9
B,578,352,7
B,579,104,8
B,579,372,5
B,580,109,3
B,580,400,9
B,581,181,9
B,582,123,9
B,582,195,7
B,582,207,2
B,582,208,7
B,582,211,9
B,583,151,9
B,584,43,4
B,584,133,1
B,584,176,1
B,584,246,5
B,585,100,5
B,585,352,2
B,587,13,6
B,587,116,8
B,589,11,9
B,590,229,1
B,590,336,9
B,591,233,3
B,591,351,5
B,591,399,4
B,592,195,9
B,592,325,9
B,593,13,2
B,593,114,7
B,593,155,6
B,593,156,1
B,594,41,1
B,595,24,2
B,595,303,7
B,596,154,6
B,596,205,8
B,596,291,9
B,596,297,7
B,596,363,3
B,597,76,1
B,597,93,4
B,597,107,7
B,597,160,9
B,597,284,7
B,598,17,6
B,598,319,5
B,598,328,8
B,598,340,7
B,600,31,8
B,600,35,7
B,600,129,3
B,600,167,2
B,600,371,3
