1,22,63
1,65,16
1,70,16
1,115,27
1,303,36
1,334,24
2,29,3
2,46,9
2,59,7
2,93,6
2,99,24
2,107,2
2,182,27
2,206,6
2,238,4
2,268,8
2,282,72
2,286,18
2,311,48
2,332,6
2,347,5
2,352,14
2,382,7
2,388,32
3,13,4
3,114,14
3,155,12
3,156,2
3,166,6
4,4,28
4,104,63
4,134,20
4,163,36
4,192,4
4,200,117
4,226,72
4,233,28
4,254,45
4,265,72
4,280,27
4,284,27
4,290,8
4,350,27
4,393,72
4,397,4
5,10,15
5,11,63
5,22,30
5,89,42
5,108,14
5,120,30
5,171,49
5,206,30
5,286,56
5,332,30
5,339,16
5,382,35
6,172,12
6,178,48
6,370,56
7,87,36
7,358,8
9,67,72
9,95,8
9,191,6
9,248,9
9,313,9
9,327,63
9,338,27
9,345,7
9,355,5
9,394,14
10,40,18
10,109,18
10,134,7
10,145,3
10,164,21
10,198,18
10,232,9
10,281,6
10,298,56
10,329,7
10,400,54
11,34,12
11,242,32
11,294,36
11,386,12
12,9,45
12,40,63
12,51,9
12,62,12
12,84,9
12,112,16
12,117,54
12,118,10
12,125,21
12,153,8
12,160,16
12,167,18
12,247,16
12,248,27
12,250,36
12,263,8
12,296,39
12,306,45
12,328,9
12,347,6
12,351,21
12,352,27
12,382,10
13,99,12
13,228,6
13,245,27
13,279,21
13,282,6
13,291,18
13,380,6
14,13,15
14,50,24
14,76,4
14,93,16
14,107,42
14,131,49
14,160,36
14,168,3
14,284,28
14,338,63
15,3,36
15,73,32
15,75,28
15,95,9
15,171,9
15,185,30
15,259,18
15,320,54
15,332,54
16,37,2
16,56,72
16,72,9
16,78,1
16,82,24
16,90,7
16,98,81
16,107,36
16,137,12
16,161,32
16,163,16
16,169,8
16,173,32
16,195,32
16,251,2
16,274,72
16,308,54
16,320,5
16,327,1
16,334,1
16,342,81
17,111,8
17,229,9
17,280,6
17,304,8
17,336,81
17,372,3
19,23,28
19,73,24
19,138,6
19,234,32
19,268,2
19,355,24
20,66,45
21,4,45
21,14,63
21,68,12
21,79,9
21,92,6
21,107,15
21,110,24
21,116,6
21,135,81
21,152,24
21,218,9
21,228,63
21,316,27
21,317,45
21,367,54
21,398,15
22,133,3
22,260,18
23,6,56
23,156,64
23,177,8
23,206,48
23,211,16
23,334,6
24,38,8
24,59,16
24,64,72
24,129,45
24,169,35
24,182,2
24,188,32
24,191,12
24,229,4
24,294,4
24,365,20
24,367,10
24,376,20
24,396,25
25,23,12
25,52,4
25,54,14
25,60,18
25,82,12
25,99,6
25,194,10
25,251,15
25,299,24
25,306,10
25,320,18
25,352,10
25,353,3
26,60,14
26,83,35
26,312,21
26,391,42
27,6,35
27,85,24
27,156,40
27,173,32
27,177,5
27,211,10
27,236,48
27,268,40
28,274,5
28,277,5
29,336,45
30,36,3
30,149,8
30,208,12
30,353,8
30,383,1
31,20,35
31,40,18
31,96,21
31,172,7
31,235,42
31,258,56
31,259,14
31,290,42
31,322,49
31,374,10
32,61,63
32,75,15
32,79,20
32,145,6
32,150,45
32,156,72
32,164,42
32,166,48
32,167,10
32,172,21
32,175,45
32,185,36
32,215,54
32,232,18
32,259,24
32,276,81
32,278,6
32,291,36
32,386,9
32,387,54
33,380,4
34,5,9
34,42,12
34,107,36
34,177,9
34,195,27
34,274,48
34,277,20
34,298,28
34,344,72
35,60,21
35,133,40
35,214,14
35,350,56
36,5,40
36,13,2
36,35,12
36,67,9
36,73,3
36,75,18
36,84,5
36,87,45
36,136,7
36,138,48
36,170,5
36,218,30
36,222,7
36,268,16
36,285,4
36,333,7
36,356,3
36,358,10
37,10,24
37,14,2
37,22,48
37,44,72
37,47,2
37,98,48
37,120,48
37,123,24
37,133,18
37,136,9
37,236,42
37,282,36
37,292,9
37,376,12
37,379,24
38,39,4
38,63,28
38,68,7
38,87,9
38,98,13
38,143,63
38,148,2
38,227,21
38,241,21
38,303,45
38,388,4
39,25,6
39,86,63
39,102,21
39,113,17
39,124,45
39,162,5
39,218,18
39,230,81
39,252,18
39,303,27
39,319,72
39,367,81
39,385,9
40,5,21
40,20,15
40,44,9
40,52,24
40,77,15
40,99,24
40,185,18
40,328,24
40,344,21
41,65,6
41,68,18
41,80,64
41,110,27
41,126,54
41,157,64
41,210,6
41,319,42
41,327,12
41,358,32
41,380,32
42,75,64
42,99,6
42,144,72
42,380,3
43,4,27
43,50,24
43,54,54
43,106,18
43,123,9
43,132,15
43,134,21
43,202,45
43,212,6
43,227,12
43,259,6
43,388,45
44,58,81
44,224,63
44,305,35
44,352,10
44,360,54
45,4,18
45,54,36
45,73,24
45,79,18
45,110,5
45,170,5
45,202,30
45,216,10
45,218,18
45,231,30
45,316,54
45,388,30
45,398,30
46,32,3
46,71,8
46,110,2
46,195,1
46,206,1
46,269,24
46,329,6
46,357,9
46,381,40
46,388,56
47,18,16
47,23,36
47,48,30
47,57,21
47,65,42
47,71,9
47,113,36
47,153,3
47,163,9
47,174,21
47,185,54
47,192,4
47,196,18
47,199,8
47,213,54
47,228,36
47,239,15
47,249,18
47,273,16
47,280,27
47,290,36
47,320,24
47,371,12
47,382,4
48,48,5
48,54,7
48,65,7
48,109,12
48,213,9
48,273,18
49,4,8
49,40,12
49,79,42
49,195,42
49,258,14
49,262,8
49,277,24
49,362,4
50,30,36
50,143,54
50,162,15
50,226,27
50,245,3
50,251,24
50,348,18
51,41,48
51,76,7
51,93,28
51,107,49
51,110,3
51,111,9
51,160,63
51,166,42
51,170,3
51,208,24
51,210,24
51,216,6
51,231,18
51,284,49
51,304,21
51,308,48
51,309,21
51,336,24
51,349,18
51,372,9
52,44,8
52,50,48
52,119,24
52,123,8
52,296,14
52,328,6
53,98,40
53,117,64
53,172,24
53,209,21
53,228,48
53,245,49
53,262,72
53,278,72
53,346,72
54,69,9
54,258,24
54,377,27
55,23,54
55,28,4
55,52,18
55,60,81
55,82,54
55,85,4
55,87,63
55,99,27
55,110,12
55,116,36
55,184,10
55,187,8
55,194,45
55,263,12
55,306,45
55,352,45
55,358,14
55,395,5
56,88,12
56,163,7
57,46,12
57,79,24
57,92,49
57,123,42
57,195,24
57,211,21
57,258,8
57,276,42
57,366,18
58,67,4
58,172,4
58,228,2
58,258,16
58,260,4
58,312,10
58,314,6
58,333,10
58,345,10
58,362,16
59,7,56
59,23,64
59,27,16
59,56,21
59,62,42
59,82,16
59,127,56
59,154,6
59,165,56
59,190,56
59,249,42
59,275,42
59,276,21
59,315,14
59,338,72
59,395,6
60,5,32
60,58,14
60,84,4
60,170,4
60,218,24
61,20,35
61,37,45
61,96,21
61,113,8
61,259,14
61,290,42
61,322,49
61,340,20
61,347,2
62,102,14
62,113,54
62,114,12
62,162,10
62,226,18
62,231,4
62,245,2
62,348,12
63,8,35
63,13,54
63,27,14
63,42,8
63,62,12
63,64,24
63,79,12
63,154,45
63,219,63
63,255,35
63,265,49
63,346,45
64,71,2
64,141,24
64,185,12
64,216,36
64,228,8
64,280,6
65,42,18
65,135,10
65,161,30
65,226,6
65,310,12
65,318,12
65,324,56
65,344,12
66,74,10
66,89,30
66,98,40
66,108,30
66,121,5
66,130,45
66,158,5
67,5,7
67,22,56
67,107,28
67,115,24
67,141,30
67,152,10
67,177,7
67,179,45
67,185,20
67,195,21
67,216,45
67,290,15
67,344,56
68,19,72
68,32,18
68,63,28
68,110,42
68,133,32
68,140,6
68,143,63
68,164,48
68,171,6
68,206,6
68,220,8
68,227,21
68,241,21
68,324,72
68,329,36
68,354,12
69,40,21
69,66,20
69,107,16
69,141,45
69,198,21
69,230,18
69,240,5
69,281,7
69,381,40
69,385,2
70,14,21
70,99,33
70,156,63
70,261,21
70,282,36
70,311,24
70,331,56
70,339,14
70,353,35
70,354,35
70,388,16
71,33,18
71,47,2
71,68,6
71,143,6
71,147,3
71,185,27
71,269,54
71,303,9
71,384,1
72,109,16
72,273,24
73,2,2
73,166,9
73,206,24
73,332,24
73,382,28
74,6,21
74,23,56
74,27,14
74,31,32
74,35,28
74,82,14
74,107,18
74,129,12
74,131,63
74,135,6
74,154,12
74,156,24
74,167,8
74,177,3
74,179,9
74,211,6
74,212,27
74,255,18
74,338,144
74,371,12
75,29,16
75,38,25
75,40,3
75,106,36
75,123,18
75,132,30
75,227,24
75,259,12
75,278,24
76,94,14
76,96,12
76,102,3
76,152,14
76,171,48
76,179,63
76,185,28
76,189,63
76,192,54
76,288,56
76,290,21
76,347,63
76,351,7
76,379,18
77,95,81
77,137,3
77,160,1
77,267,27
77,351,2
78,54,8
78,137,9
78,157,7
78,160,3
78,217,5
78,237,3
78,240,16
78,242,8
78,255,9
78,328,28
78,337,24
78,351,6
78,398,5
79,109,4
79,196,36
79,239,30
79,273,6
80,2,35
80,10,30
80,65,9
80,72,2
80,177,1
80,278,6
80,324,9
80,353,9
82,8,54
82,19,6
82,107,48
82,149,64
82,294,18
82,353,64
82,383,8
83,100,12
83,120,16
83,128,20
83,242,56
83,245,36
83,266,36
83,294,63
83,306,20
83,336,15
83,386,21
84,103,56
84,144,56
84,219,63
84,260,14
84,269,72
84,280,81
84,350,8
84,357,8
85,59,27
85,137,24
85,191,9
86,9,7
86,32,36
86,51,36
86,96,28
86,119,54
86,133,9
86,145,6
86,164,42
86,195,14
86,231,81
86,232,72
86,236,35
86,287,49
86,366,27
87,9,4
87,113,1
87,195,8
87,236,20
87,287,28
87,343,25
87,395,20
88,7,2
88,14,54
88,34,4
88,38,9
88,52,18
88,54,8
88,77,3
88,81,9
88,129,8
88,189,3
88,219,4
88,274,35
88,298,35
88,301,16
88,310,5
88,319,6
88,360,4
88,383,14
89,114,2
89,133,2
89,149,5
90,81,24
90,90,6
90,112,9
90,200,8
90,274,9
90,301,32
91,41,1
91,102,14
91,161,10
91,214,7
91,218,12
91,223,25
91,294,20
91,302,5
91,303,18
91,338,12
91,362,10
92,62,12
92,112,16
92,118,10
92,153,8
92,160,16
92,263,8
92,367,45
92,382,10
93,15,4
93,225,1
93,251,7
95,59,12
95,64,54
95,219,35
95,269,40
95,280,45
96,85,54
96,131,6
96,219,12
96,294,18
97,8,27
97,19,3
97,23,56
97,24,10
97,99,24
97,107,24
97,206,6
97,234,64
97,294,9
97,303,35
97,355,48
97,380,12
98,187,45
98,254,45
99,13,45
99,48,45
99,49,35
99,50,72
99,168,9
99,344,10
99,358,40
100,13,18
100,48,35
100,65,49
100,114,63
100,155,54
100,156,9
100,213,63
101,163,72
101,241,72
101,395,48
102,13,63
102,211,42
103,67,2
103,314,3
103,345,5
103,362,8
104,65,8
104,210,8
104,305,30
104,312,12
104,319,56
104,327,16
105,23,20
105,44,48
105,92,12
105,98,48
105,107,30
105,110,12
105,116,12
105,232,32
105,236,42
105,282,36
105,376,12
106,42,20
106,49,35
106,103,30
106,154,6
106,160,10
106,259,10
106,282,42
107,62,12
107,63,12
107,64,24
107,79,54
107,101,27
107,163,1
107,165,45
107,195,54
107,258,18
107,341,15
107,347,27
108,10,28
108,11,63
108,48,18
108,51,20
108,102,9
108,146,56
108,149,15
108,163,21
108,215,28
108,240,56
108,253,10
108,262,63
108,315,21
108,327,8
108,351,21
108,369,8
108,377,21
108,393,6
109,15,8
109,69,48
109,104,49
109,105,12
109,123,18
109,149,9
109,163,28
109,200,28
109,225,2
109,228,72
109,251,14
109,265,56
109,294,18
109,350,21
109,369,32
110,28,6
110,30,36
110,54,72
110,57,5
110,62,30
110,85,6
110,102,42
110,105,18
110,109,21
110,110,18
110,116,54
110,123,27
110,157,63
110,160,18
110,187,12
110,237,27
110,248,30
110,263,18
110,294,27
110,387,30
110,400,63
112,30,48
112,156,5
112,191,20
112,216,5
112,291,45
112,293,35
112,371,54
113,63,20
113,271,10
113,341,25
113,370,14
114,125,4
114,221,5
114,253,36
114,303,6
114,334,4
114,347,8
114,373,32
115,199,36
115,243,27
115,380,81
116,153,12
116,169,30
116,199,32
116,290,32
117,37,35
117,53,1
117,195,54
117,325,54
118,35,25
118,81,20
118,133,35
118,175,5
118,209,30
118,391,25
119,14,18
119,38,3
119,79,54
119,195,54
119,229,2
119,258,18
119,299,7
119,368,3
119,380,2
120,123,12
120,165,4
120,199,6
120,229,12
120,230,16
120,342,12
121,5,64
121,84,8
121,170,8
121,218,48
121,388,10
122,77,16
122,121,32
122,250,2
122,285,18
122,302,18
122,307,14
122,374,45
122,384,20
123,54,21
123,138,54
123,178,54
123,268,18
123,370,63
124,266,40
124,388,24
125,131,10
125,256,20
125,259,36
125,297,4
125,344,18
125,350,18
125,354,12
125,381,5
126,102,6
126,184,12
126,194,3
126,195,12
126,229,16
126,299,56
126,368,24
126,380,16
127,39,24
127,98,53
127,105,24
127,117,56
127,148,12
127,172,21
127,228,42
127,262,63
127,278,63
127,294,42
127,346,63
127,368,48
128,67,2
128,314,3
128,345,5
128,350,30
128,362,8
128,371,36
129,40,45
129,61,56
129,82,36
129,84,24
129,100,21
129,120,28
129,125,3
129,128,35
129,150,40
129,177,3
129,229,25
129,245,63
129,253,27
129,260,45
129,266,63
129,276,72
129,286,9
129,306,35
129,321,40
129,360,8
129,373,24
129,386,8
130,42,27
130,133,6
130,215,3
131,14,30
131,19,63
131,20,10
131,82,24
131,84,30
131,100,42
131,103,45
131,119,6
131,133,28
131,154,9
131,165,18
131,189,30
131,220,7
131,282,63
131,310,4
131,324,63
131,354,18
131,391,4
132,32,24
132,60,9
132,131,8
132,136,56
132,153,9
132,157,49
132,163,7
132,172,54
132,200,6
132,206,8
132,228,72
132,319,9
132,329,48
132,330,15
132,395,49
133,1,6
133,32,6
133,44,9
133,47,1
133,51,12
133,74,18
133,98,72
133,108,54
133,109,30
133,133,3
133,231,27
133,342,2
133,357,30
133,366,9
134,29,9
134,59,21
134,75,24
134,79,32
134,167,16
134,238,12
134,350,48
135,55,48
135,179,10
135,210,10
135,324,56
135,330,32
135,351,40
136,258,9
136,281,3
136,321,8
137,33,12
137,146,7
137,236,15
137,269,36
137,306,28
137,367,45
138,80,40
138,153,32
138,157,40
138,184,28
138,209,12
138,245,28
138,358,20
139,23,25
139,44,6
139,45,8
139,71,12
139,129,30
139,132,24
139,232,40
139,274,63
139,280,16
139,298,63
139,326,32
140,42,9
140,377,63
140,381,64
140,392,56
141,4,24
141,5,7
141,20,5
141,44,3
141,52,8
141,54,48
141,77,5
141,99,8
141,185,6
141,202,40
141,326,18
141,328,8
141,344,7
141,388,40
142,42,14
142,78,63
142,121,1
142,130,9
142,141,6
142,155,56
142,158,1
142,175,42
142,195,54
142,216,9
142,325,54
144,30,78
144,62,25
144,63,36
144,102,35
144,103,20
144,154,4
144,156,16
144,160,15
144,195,18
144,232,6
144,282,28
144,291,8
144,325,18
144,341,45
144,387,25
145,75,64
145,113,12
145,144,72
145,145,6
145,158,18
145,164,42
145,194,3
145,232,18
145,269,21
145,300,12
145,332,27
145,340,30
145,381,35
145,388,49
146,61,35
146,62,28
146,150,25
146,154,4
146,158,16
146,275,28
146,276,45
146,344,48
146,386,5
146,395,4
147,32,63
148,127,4
148,133,12
148,171,72
148,193,14
148,229,2
148,243,10
148,251,6
148,304,12
148,335,16
148,400,16
149,9,9
149,114,8
149,133,8
149,149,20
149,339,9
150,56,24
150,64,16
150,87,72
150,99,6
150,133,32
150,244,72
150,313,24
150,380,3
151,15,12
151,19,9
151,59,4
151,64,18
151,109,36
151,124,63
151,133,4
151,152,36
151,167,45
151,206,81
151,220,1
151,273,54
151,308,18
151,324,9
151,377,6
152,50,6
152,219,21
152,247,63
152,269,24
152,280,27
153,80,24
153,157,24
153,358,12
155,31,32
155,35,28
155,53,16
155,113,24
155,129,12
155,133,20
155,167,8
155,219,21
155,264,48
155,269,24
155,280,27
155,302,20
155,371,12
156,18,28
156,23,63
156,42,27
156,50,24
156,77,24
156,81,72
156,82,54
156,113,63
156,129,64
156,161,45
156,189,24
156,192,7
156,273,28
156,290,49
156,310,58
156,371,21
156,382,7
157,92,7
157,123,6
157,211,3
157,245,36
157,257,32
157,276,6
157,279,28
157,282,8
157,291,24
158,11,18
158,85,45
158,131,5
158,219,22
158,262,18
158,294,15
158,333,24
158,377,6
159,11,63
159,29,54
159,33,49
159,63,16
159,68,16
159,69,117
159,76,49
159,113,35
159,228,81
159,277,27
159,341,20
159,369,36
159,371,14
160,5,9
160,9,6
160,22,42
160,49,48
160,107,36
160,111,40
160,124,18
160,177,9
160,195,39
160,236,30
160,264,14
160,275,30
160,280,30
160,287,42
160,304,40
160,344,72
160,357,30
160,372,15
160,399,9
161,10,28
161,69,36
161,146,56
161,228,54
161,240,56
161,369,24
162,46,24
162,245,18
162,279,14
162,282,4
162,291,12
162,366,36
163,24,36
163,40,24
163,45,40
163,47,32
163,63,8
163,125,12
163,143,18
163,227,6
163,235,56
163,241,6
163,380,10
164,3,12
164,4,8
164,20,15
164,89,32
164,95,10
164,119,9
164,146,10
164,171,32
164,185,10
164,259,6
164,310,16
164,332,18
164,341,28
164,382,6
164,391,6
165,255,42
165,346,54
166,8,72
166,19,8
166,36,28
166,77,24
166,86,56
166,107,64
166,139,48
166,294,24
166,371,56
166,380,24
166,385,16
168,11,9
168,241,18
168,319,48
169,98,25
169,117,40
169,172,15
169,228,30
169,262,45
169,278,45
169,346,45
170,3,18
170,4,28
170,14,10
170,84,10
170,95,35
170,100,14
170,146,35
170,147,72
170,165,6
170,185,15
170,189,10
170,259,9
170,261,56
170,285,8
170,300,32
170,310,35
170,332,27
170,354,6
170,371,32
170,373,24
170,382,21
171,29,24
171,38,27
171,59,56
171,84,36
171,177,12
171,229,18
171,238,32
171,275,9
171,286,36
171,352,21
171,360,32
171,376,12
172,44,72
172,99,12
172,123,72
172,156,1
172,191,4
172,216,1
172,282,36
172,291,9
172,293,7
172,311,24
172,388,16
173,12,56
173,80,49
173,102,4
173,118,49
173,162,15
173,192,63
173,226,27
173,245,3
173,310,8
173,326,16
173,347,5
173,348,18
173,379,14
174,24,12
174,59,63
174,68,24
174,110,36
174,125,4
174,137,56
174,149,64
174,191,21
174,286,72
174,352,56
174,353,64
174,380,2
174,383,8
175,30,21
175,81,36
175,104,7
175,169,25
175,175,9
175,190,4
175,200,4
175,209,61
175,283,16
175,287,42
175,301,16
175,355,12
175,363,28
176,16,30
176,57,30
176,88,35
176,399,30
177,233,18
177,351,30
177,380,24
177,399,24
178,23,7
178,133,30
178,234,8
178,289,8
178,355,6
178,378,32
179,91,40
179,248,32
179,381,40
179,392,35
180,11,36
180,75,14
180,89,24
180,108,8
180,117,10
180,171,28
180,240,12
180,286,32
180,315,18
180,344,18
181,44,6
181,75,56
181,81,16
181,129,30
181,175,4
181,209,24
181,230,14
181,349,14
181,373,14
182,256,36
182,381,9
183,21,16
183,86,12
183,91,8
183,228,18
183,311,10
183,334,54
184,109,3
184,400,9
185,141,42
185,214,14
185,244,24
185,277,14
186,78,21
186,82,7
186,128,35
186,199,28
186,243,21
186,266,35
186,380,63
187,141,48
187,216,72
187,283,1
188,27,7
188,42,4
188,79,6
188,152,8
188,155,9
188,269,9
188,338,18
188,381,15
188,388,21
189,12,32
189,22,21
189,49,24
189,80,28
189,92,14
189,118,28
189,123,12
189,192,36
189,211,6
189,257,12
189,275,15
189,276,12
189,302,3
189,325,3
189,331,6
189,357,15
189,379,8
190,82,20
190,194,36
190,245,20
190,252,4
191,73,6
191,82,10
191,126,24
191,194,18
191,198,8
191,245,10
191,252,2
192,199,16
192,243,12
192,339,14
192,380,36
193,30,12
193,104,4
193,209,4
193,233,3
193,287,24
193,351,5
193,399,4
194,51,15
194,96,21
194,215,21
194,253,3
194,327,6
194,369,6
195,63,16
195,115,54
195,132,20
195,143,36
195,158,14
195,227,12
195,241,12
195,311,40
195,344,42
196,6,63
196,35,45
196,119,48
196,133,63
196,156,72
196,177,9
196,211,18
196,391,45
198,38,35
198,159,9
198,199,3
198,229,6
198,230,8
198,324,72
198,342,6
198,348,54
199,109,15
199,199,24
199,229,48
199,230,64
199,342,48
199,400,45
200,120,27
200,308,21
202,102,12
202,123,72
202,184,24
202,194,6
202,199,24
202,245,72
202,277,21
202,315,64
203,5,6
203,75,28
203,100,3
203,105,14
203,107,24
203,117,20
203,120,4
203,123,21
203,128,5
203,177,6
203,195,18
203,240,24
203,245,9
203,266,9
203,294,21
203,306,5
203,315,36
203,344,84
204,21,7
204,29,3
204,54,35
204,97,8
204,151,18
204,179,4
204,185,36
204,210,4
204,325,5
204,330,6
204,351,16
204,387,8
204,396,3
205,13,12
205,68,42
205,87,54
205,89,36
205,132,32
205,163,4
205,338,24
205,388,24
206,50,9
206,51,36
206,133,9
206,173,4
206,231,81
206,288,9
206,366,27
207,58,14
207,380,32
207,395,32
208,156,32
208,242,16
208,291,16
208,294,18
208,336,25
208,386,6
209,79,9
209,81,16
209,90,4
209,112,6
209,114,18
209,124,56
209,167,40
209,186,24
209,206,72
209,218,9
209,274,6
209,296,14
209,308,16
209,316,27
209,328,6
209,330,18
209,346,12
209,359,18
209,377,27
209,398,15
210,113,10
210,340,25
211,13,20
211,14,6
211,50,32
211,62,16
211,64,32
211,99,6
211,132,6
211,156,18
211,168,4
211,221,35
211,261,6
211,321,7
211,331,16
211,335,9
211,339,4
211,343,5
211,347,56
211,353,10
211,354,10
211,372,3
211,395,4
212,41,6
212,133,54
212,193,63
212,304,54
213,21,72
213,51,4
213,86,54
213,91,36
213,133,1
213,231,9
213,311,45
213,350,18
213,366,3
214,23,7
214,102,16
214,109,9
214,131,28
214,164,28
214,200,21
214,326,64
214,400,27
215,30,6
215,141,56
215,161,5
215,172,6
215,173,3
215,226,5
215,244,32
215,352,2
216,21,24
216,24,18
216,60,12
216,86,18
216,91,12
216,147,9
216,185,36
216,261,7
216,285,1
216,303,63
216,311,15
216,350,32
216,371,4
217,44,24
217,69,18
217,104,5
217,132,54
217,160,24
217,198,10
217,214,12
217,215,48
217,233,56
217,321,63
217,335,81
217,355,36
217,372,27
217,373,42
218,2,30
218,4,12
218,54,24
218,62,10
218,138,25
218,202,20
218,306,20
218,320,45
218,386,35
218,388,20
218,394,15
219,22,21
219,49,24
219,120,10
219,145,15
219,275,15
219,357,15
220,36,63
220,37,6
220,106,6
220,110,42
220,123,3
220,132,5
220,203,27
220,214,6
220,227,4
220,244,6
220,256,9
220,259,2
220,280,18
220,329,63
221,23,63
221,68,32
221,178,72
221,223,64
221,268,40
221,329,2
221,340,24
222,4,20
222,14,28
222,37,20
222,42,3
222,71,32
222,110,8
222,135,36
222,146,14
222,161,5
222,195,4
222,228,28
222,232,21
222,242,49
222,310,2
222,317,20
222,357,36
222,367,24
223,26,63
223,205,54
223,232,9
223,353,9
223,392,18
224,21,40
224,28,6
224,85,6
224,86,30
224,91,20
224,110,18
224,116,54
224,187,12
224,263,18
224,311,25
225,48,35
225,65,49
225,213,63
226,8,18
226,19,2
226,107,16
226,184,28
226,258,27
226,281,17
226,294,6
226,321,24
227,107,27
227,137,6
227,161,24
227,163,12
227,169,6
227,173,24
227,195,24
228,264,12
229,91,20
229,149,30
229,163,42
229,248,16
229,315,42
229,393,12
230,20,63
230,193,72
230,195,9
230,325,9
231,32,42
231,44,63
231,47,7
231,70,20
231,200,45
231,261,64
231,297,56
231,394,20
232,59,2
232,64,9
232,104,63
232,163,36
232,200,36
232,265,72
232,350,27
233,85,15
233,173,20
233,236,30
233,268,25
234,65,5
234,82,40
234,125,7
234,194,117
234,197,48
234,199,5
234,245,40
234,252,8
234,253,63
234,373,56
235,13,12
235,89,36
235,113,9
235,114,42
235,132,32
235,135,45
235,186,56
235,215,24
235,338,24
235,346,28
235,359,42
235,377,63
235,382,45
235,393,12
236,27,54
236,77,24
236,81,72
236,129,64
236,189,24
236,226,54
236,310,40
236,374,48
237,38,10
237,146,18
237,183,2
237,186,4
237,190,10
237,209,2
237,232,12
237,329,14
237,340,40
238,58,7
238,117,56
238,131,40
239,8,10
239,46,6
239,58,14
239,192,6
239,219,18
239,247,48
239,265,14
239,294,12
239,296,54
239,366,9
239,377,12
240,7,32
240,34,6
240,56,12
240,68,63
240,87,81
240,115,8
240,127,32
240,139,18
240,163,10
240,165,32
240,171,8
240,173,18
240,190,32
240,232,4
240,249,24
240,276,12
240,315,8
240,388,36
241,199,3
241,229,6
241,230,8
241,342,6
242,69,12
242,106,12
242,233,9
242,260,14
242,351,15
242,399,12
243,51,10
243,215,14
243,253,2
243,255,35
243,327,4
243,346,45
243,369,4
243,371,9
244,10,12
244,21,36
244,41,32
244,114,8
244,133,8
244,146,24
244,149,20
244,196,40
244,207,72
244,240,24
244,257,63
244,396,81
245,44,24
245,51,40
245,52,72
245,79,72
245,80,64
245,165,24
245,260,64
245,355,32
245,372,40
245,381,40
245,392,35
246,2,7
246,10,6
246,68,16
246,92,3
246,153,8
247,26,56
247,205,48
247,232,8
247,353,8
247,392,16
248,17,42
248,44,72
248,98,72
248,125,4
248,131,12
248,141,7
248,200,9
248,236,63
248,282,54
248,319,35
248,328,56
248,340,49
248,376,18
249,110,28
249,111,32
249,140,4
249,164,32
249,171,4
249,214,42
249,280,24
249,304,32
249,354,8
249,372,12
250,38,20
251,18,45
251,30,81
251,102,18
251,343,126
251,371,54
251,395,36
252,45,45
252,200,9
252,226,8
252,254,5
252,280,3
252,284,3
252,339,18
252,347,8
252,393,8
253,145,15
253,190,3
253,277,35
253,300,8
253,374,7
253,380,9
254,4,10
254,14,14
254,66,20
254,99,72
254,135,18
254,141,45
254,170,2
254,228,14
254,240,5
254,258,12
254,269,10
254,316,2
254,317,10
254,340,8
254,367,12
254,381,40
255,40,15
255,274,16
255,339,4
256,2,24
256,41,5
256,62,8
256,138,20
256,306,16
256,320,36
256,386,28
256,394,12
257,40,24
257,135,14
257,154,28
257,179,21
257,198,24
257,212,63
257,255,42
257,281,8
257,297,16
257,344,72
258,33,14
258,75,21
258,76,14
258,113,10
258,117,15
258,146,54
258,183,6
258,190,30
258,232,36
258,240,18
258,315,27
258,344,27
258,371,4
259,6,54
259,51,18
259,59,16
259,64,72
259,67,45
259,108,45
259,125,42
259,135,45
259,154,45
259,206,18
259,219,5
259,226,27
259,240,45
259,248,54
259,306,35
259,318,54
259,325,36
259,344,54
259,347,12
259,351,42
259,355,63
260,186,16
260,327,14
260,392,8
261,190,24
261,300,64
261,329,12
261,374,56
261,380,72
262,96,35
263,34,16
263,41,64
263,102,14
263,149,45
263,166,56
263,181,54
263,208,32
263,210,32
263,218,12
263,303,18
263,308,64
263,329,3
263,336,32
264,96,63
264,138,6
264,219,14
264,268,2
264,269,16
264,280,18
265,20,28
265,30,63
265,193,32
266,22,4
266,40,3
266,44,3
266,52,7
266,58,10
266,129,15
266,188,8
266,195,4
266,198,3
266,263,8
266,281,1
266,349,14
266,365,5
266,371,16
267,23,48
267,27,12
267,36,4
267,82,12
267,113,5
267,171,25
267,208,16
267,228,54
267,306,20
267,338,54
267,353,36
268,119,24
268,143,16
268,249,18
268,276,12
268,303,64
268,342,6
268,382,8
268,384,32
269,9,7
269,41,6
269,195,14
269,236,35
269,287,49
270,13,5
270,50,8
270,102,20
270,110,56
270,140,8
270,164,64
270,168,1
270,171,8
270,222,36
270,262,4
270,311,16
270,354,16
270,383,28
271,135,20
271,335,5
271,382,20
271,399,40
272,37,10
272,43,8
272,44,12
272,86,56
272,110,66
272,124,40
272,140,3
272,164,24
272,171,3
272,252,16
272,258,81
272,281,27
272,319,64
272,321,72
272,354,6
272,367,72
272,377,18
273,19,81
273,51,36
273,80,64
273,95,7
273,133,45
273,157,64
273,169,35
273,171,7
273,179,20
273,220,9
273,231,81
273,297,4
273,320,42
273,324,81
273,344,18
273,358,32
273,366,27
274,10,16
274,179,4
274,257,12
274,266,14
274,276,4
274,284,8
274,326,2
274,336,45
275,5,48
275,9,8
275,22,16
275,43,14
275,58,40
275,60,12
275,66,28
275,83,30
275,84,6
275,123,8
275,132,16
275,141,63
275,170,6
275,195,16
275,218,36
275,236,40
275,240,7
275,287,56
275,312,18
275,347,2
275,349,56
275,371,64
275,373,8
275,381,56
275,391,36
276,98,14
276,303,63
277,62,16
277,64,32
277,66,15
277,111,32
277,125,1
277,223,3
277,253,9
277,280,24
277,298,4
277,304,32
277,338,18
277,372,12
277,373,8
278,24,2
278,30,24
278,43,28
278,62,20
278,102,28
278,123,16
278,132,32
278,160,12
278,161,30
278,172,48
278,173,18
278,226,30
278,303,7
278,347,4
278,352,12
278,373,16
278,387,20
279,192,5
279,230,63
279,310,64
279,347,40
279,385,7
280,48,8
280,59,18
280,64,81
280,127,8
280,289,32
280,294,56
280,331,16
281,20,20
281,53,12
281,60,12
281,77,8
281,83,30
281,99,12
281,105,16
281,113,18
281,119,12
281,123,24
281,125,9
281,133,15
281,143,4
281,235,5
281,253,81
281,282,36
281,294,24
281,302,15
281,310,8
281,311,24
281,312,18
281,316,6
281,348,6
281,373,72
281,388,16
281,391,44
282,2,6
282,166,27
282,172,14
282,278,4
282,396,63
283,33,18
283,149,25
283,163,35
283,186,16
283,214,14
283,236,45
283,269,54
283,276,12
283,315,35
283,375,36
283,393,10
284,338,8
284,385,30
285,46,4
285,115,8
285,139,18
285,163,10
285,173,18
285,182,12
285,200,63
285,226,56
285,232,4
285,254,35
285,280,21
285,284,21
285,393,56
287,229,9
287,336,81
288,34,12
288,53,20
288,92,21
288,113,30
288,133,25
288,153,56
288,302,25
288,380,4
289,13,12
289,106,6
289,136,42
289,145,2
289,164,14
289,176,9
289,186,20
289,222,42
289,232,6
289,276,15
289,285,24
289,333,42
289,356,18
289,375,45
289,399,3
290,44,6
290,51,10
290,52,18
290,79,18
290,80,16
290,165,6
290,260,16
290,355,8
290,372,10
291,77,21
291,86,49
291,139,42
291,324,8
291,371,49
291,385,14
291,394,14
292,136,48
292,148,8
292,157,42
292,163,6
292,170,56
292,268,64
292,280,32
292,342,56
292,395,42
293,12,72
293,79,9
293,80,63
293,118,63
293,192,81
293,218,9
293,305,30
293,316,27
293,343,45
293,379,18
293,395,36
293,398,15
294,15,2
294,152,6
295,4,49
295,134,35
295,135,18
295,154,36
295,179,27
295,192,7
295,212,81
295,233,49
295,255,54
295,274,21
295,290,14
295,298,21
295,397,7
296,152,8
296,214,7
297,113,18
298,183,54
298,187,81
298,233,9
299,107,2
299,127,10
299,229,5
299,243,25
299,251,15
299,335,40
299,360,3
299,400,40
300,35,4
300,67,3
300,73,1
300,75,6
300,157,24
300,187,28
300,224,32
300,291,32
300,307,36
300,310,24
300,337,16
301,21,64
301,66,10
301,86,48
301,91,32
301,99,18
301,192,9
301,223,2
301,274,30
301,277,30
301,282,54
301,294,18
301,311,76
301,338,12
301,377,18
301,388,24
302,14,25
302,56,24
302,64,16
302,84,25
302,87,72
302,100,35
302,103,20
302,133,32
302,149,72
302,154,4
302,165,15
302,189,25
302,244,72
302,282,28
302,313,24
302,354,15
303,47,32
303,69,48
303,106,48
303,113,9
303,130,19
303,229,72
303,260,56
303,282,48
303,310,72
304,22,12
304,44,12
304,58,30
304,69,9
304,95,8
304,119,36
304,160,12
304,214,6
304,232,8
304,314,16
304,349,42
304,355,18
304,371,48
304,373,21
305,32,32
305,119,48
305,232,48
305,335,7
306,14,18
306,47,18
306,179,16
306,388,12
307,153,56
307,184,49
308,56,24
308,64,16
308,78,27
308,82,9
308,87,72
308,128,45
308,133,32
308,244,72
308,266,45
308,313,24
309,229,4
309,299,14
309,317,4
309,326,16
309,368,6
309,380,4
310,18,20
310,23,45
310,113,45
310,192,5
310,273,20
310,290,35
310,371,15
310,382,5
311,13,27
311,43,2
311,44,3
311,211,18
311,271,20
311,370,28
312,5,64
312,84,8
312,170,8
312,214,56
312,218,48
312,353,36
313,13,81
313,18,25
313,22,6
313,30,45
313,58,15
313,89,30
313,102,10
313,109,36
313,179,14
313,210,14
313,211,54
313,273,54
313,343,45
313,349,21
313,351,56
313,371,54
314,43,63
314,104,16
314,154,54
314,183,49
314,205,72
314,222,49
314,274,12
314,291,81
314,293,56
314,297,63
314,356,35
314,363,27
314,372,10
314,394,14
314,399,15
316,13,5
316,15,4
316,50,8
316,53,6
316,76,18
316,168,1
316,195,72
316,217,3
316,225,1
316,251,7
316,256,27
316,313,24
316,324,32
316,356,9
316,365,54
317,13,27
317,89,81
317,132,72
317,338,54
318,32,21
318,60,6
318,64,12
318,153,6
318,172,36
318,206,7
318,228,48
318,252,28
318,319,6
318,329,42
318,393,4
319,23,21
319,77,21
319,81,63
319,96,6
319,129,56
319,171,24
319,189,21
319,192,27
319,234,24
319,261,16
319,297,14
319,310,35
319,355,18
319,367,40
319,379,9
320,44,64
320,104,63
320,113,16
320,123,64
320,149,48
320,163,36
320,200,36
320,265,72
320,340,40
320,350,27
320,353,48
320,383,6
321,33,3
321,110,7
321,124,45
321,140,1
321,164,8
321,171,1
321,264,35
321,269,9
321,354,2
322,9,5
322,31,40
322,35,35
322,40,7
322,75,8
322,84,1
322,117,6
322,129,15
322,167,12
322,230,2
322,250,4
322,306,5
322,349,2
322,352,3
322,371,15
322,373,2
323,51,45
323,215,63
323,253,9
323,327,18
323,369,18
324,20,25
324,45,5
324,119,15
324,158,16
324,257,16
324,261,56
324,297,49
324,310,10
324,344,48
324,391,10
325,52,49
325,96,2
325,98,45
325,103,40
325,117,72
325,154,8
325,171,8
325,172,27
325,192,9
325,195,28
325,228,54
325,262,81
325,263,56
325,278,81
325,282,56
325,346,81
325,379,3
326,381,32
326,392,28
327,23,7
327,42,8
327,82,40
327,149,27
327,194,72
327,234,8
327,245,40
327,252,8
327,355,6
327,377,56
328,156,9
328,191,36
328,216,9
328,291,81
328,293,63
329,13,10
329,22,12
329,58,30
329,95,12
329,133,48
329,136,35
329,148,6
329,161,16
329,170,42
329,193,56
329,222,35
329,223,40
329,232,12
329,257,28
329,268,48
329,280,24
329,285,20
329,294,32
329,302,15
329,304,48
329,314,24
329,325,7
329,331,14
329,333,35
329,342,42
329,349,42
329,356,15
329,362,16
329,371,48
330,40,9
330,121,49
330,224,14
330,309,42
330,343,15
330,365,42
330,395,12
331,6,56
331,27,49
331,33,15
331,42,28
331,79,42
331,156,64
331,177,8
331,211,16
331,269,45
332,48,15
332,149,15
332,163,21
332,184,28
332,253,5
332,281,8
332,315,21
332,393,6
333,4,49
333,92,15
333,134,35
333,153,40
333,192,7
333,233,49
333,290,14
333,320,12
333,353,12
333,397,7
334,39,28
334,120,18
334,124,14
334,135,30
334,167,10
334,206,18
334,226,18
334,287,28
334,308,18
334,309,4
334,318,36
334,344,36
335,32,9
335,74,14
335,98,56
335,108,42
335,206,3
335,329,18
336,10,15
336,22,30
336,102,40
336,113,5
336,120,30
336,170,2
336,249,40
336,258,12
336,269,25
336,393,5
337,40,18
337,115,54
337,198,18
337,219,36
337,274,35
337,277,35
337,281,6
337,333,72
338,4,21
338,98,40
338,117,64
338,134,15
338,172,24
338,178,42
338,192,3
338,228,48
338,233,21
338,262,72
338,278,72
338,290,6
338,346,72
338,370,49
338,397,3
339,21,72
339,27,72
339,86,89
339,91,36
339,108,40
339,124,25
339,133,10
339,172,24
339,188,48
339,252,10
339,262,32
339,286,56
339,311,45
339,319,40
339,367,45
339,380,72
340,23,18
340,52,6
340,60,27
340,82,18
340,99,9
340,114,30
340,123,81
340,133,24
340,135,25
340,136,12
340,154,54
340,186,40
340,194,15
340,195,63
340,205,72
340,207,18
340,208,63
340,211,81
340,226,15
340,291,81
340,292,12
340,297,63
340,306,15
340,318,30
340,344,30
340,346,20
340,352,15
340,359,30
340,363,27
340,377,45
340,379,32
341,13,27
341,67,24
341,89,81
341,132,72
341,178,54
341,219,35
341,247,8
341,269,40
341,280,45
341,296,9
341,313,3
341,327,21
341,338,63
341,370,63
342,104,14
342,124,9
342,163,8
342,200,8
342,265,16
342,350,6
343,41,18
343,44,16
343,69,12
343,85,45
343,88,20
343,95,7
343,131,5
343,137,16
343,149,54
343,160,16
343,171,7
343,214,8
343,219,10
343,294,15
343,320,42
343,355,24
343,373,28
344,195,8
344,256,3
344,365,6
345,82,24
345,229,8
345,336,72
346,14,6
346,38,1
347,31,15
347,39,30
347,68,42
347,110,63
347,121,48
347,171,15
347,209,18
347,245,42
347,303,45
347,384,30
348,73,15
349,102,16
349,146,16
349,242,56
349,326,64
350,20,45
350,96,27
350,217,35
350,242,56
350,255,63
350,259,18
350,290,54
350,322,63
350,324,8
350,398,35
351,4,24
351,5,64
351,95,30
351,146,30
351,261,72
351,310,30
351,340,40
351,382,18
352,8,45
352,62,42
352,112,56
352,118,35
352,135,8
352,153,28
352,154,16
352,160,56
352,179,12
352,212,36
352,219,81
352,255,24
352,263,28
352,265,63
352,382,35
353,171,32
354,43,81
354,93,48
354,107,16
354,149,54
354,165,6
354,183,63
354,222,63
354,268,64
354,293,72
354,356,45
354,394,18
355,62,56
355,98,30
355,102,16
355,117,48
355,154,8
355,172,18
355,228,36
355,262,54
355,275,56
355,278,54
355,326,64
355,346,54
355,388,20
355,395,8
356,36,54
356,110,36
356,329,54
357,184,28
357,281,8
358,100,9
358,120,12
358,128,15
358,149,25
358,163,35
358,245,27
358,266,27
358,306,15
358,315,35
358,343,20
358,393,10
358,395,16
359,8,5
359,35,35
359,42,27
359,43,18
359,44,27
359,48,30
359,50,27
359,65,42
359,133,49
359,143,81
359,173,12
359,213,54
359,219,9
359,251,36
359,265,7
359,347,2
359,391,35
360,51,12
360,81,12
360,88,8
360,133,3
360,158,54
360,161,18
360,165,18
360,175,3
360,178,14
360,194,9
360,209,18
360,231,27
360,237,18
360,300,36
360,332,95
360,366,9
360,371,63
361,1,24
361,37,10
361,43,18
361,72,45
361,78,5
361,90,35
361,137,20
361,153,9
361,183,14
361,199,24
361,222,14
361,251,10
361,290,24
361,293,16
361,305,48
361,320,25
361,327,5
361,334,5
361,342,8
361,356,10
361,394,4
362,20,40
362,60,21
362,96,24
362,114,12
362,133,12
362,149,30
362,259,16
362,290,48
362,322,56
362,350,56
363,44,24
363,51,40
363,52,72
363,59,6
363,64,27
363,79,72
363,80,64
363,81,4
363,165,24
363,175,1
363,209,6
363,260,64
363,339,12
363,355,32
363,372,40
364,15,8
364,50,36
364,53,4
364,113,8
364,133,45
364,173,16
364,225,2
364,251,14
364,302,5
365,25,6
365,63,16
365,95,4
365,109,27
365,113,5
365,129,36
365,162,5
365,171,4
365,320,24
365,341,20
365,376,16
365,400,81
367,41,28
367,85,6
367,164,42
367,173,8
367,196,35
367,236,12
367,268,10
368,14,6
368,99,6
368,156,18
368,229,5
368,261,6
368,331,16
368,336,45
368,339,4
368,353,10
368,354,10
369,99,18
369,335,24
369,343,20
369,380,9
369,395,16
371,38,16
371,113,7
371,171,35
371,232,64
371,270,25
371,306,28
372,66,27
373,21,6
373,75,6
373,114,30
373,121,24
373,174,18
373,186,40
373,195,72
373,199,12
373,256,27
373,278,15
373,346,20
373,359,30
373,365,54
373,377,45
373,393,9
374,21,16
374,75,16
374,100,27
374,102,2
374,120,36
374,121,64
374,128,45
374,174,48
374,184,4
374,194,1
374,199,32
374,245,81
374,266,81
374,278,40
374,306,45
374,393,24
375,84,18
375,177,6
375,200,81
375,226,72
375,240,24
375,254,45
375,280,27
375,284,27
375,286,18
375,328,42
375,337,36
375,360,16
375,393,72
376,55,18
376,283,6
376,330,12
377,70,28
377,133,18
377,175,9
377,200,63
377,215,9
377,237,35
377,277,18
377,370,36
377,374,25
377,394,28
378,38,54
378,107,16
378,143,27
378,229,36
378,251,12
378,275,18
378,320,2
378,352,42
378,360,24
378,376,24
379,289,14
379,378,56
379,384,40
380,48,45
380,49,35
380,113,9
380,133,3
380,269,15
380,344,10
380,358,40
380,381,25
380,388,35
381,26,28
381,82,7
381,114,30
381,186,40
381,188,2
381,205,24
381,222,1
381,232,4
381,346,20
381,353,4
381,359,30
381,377,45
381,392,8
382,65,3
382,110,49
382,140,7
382,164,56
382,171,7
382,210,3
382,319,21
382,327,6
382,354,14
384,45,45
384,92,42
384,94,2
384,123,36
384,189,9
384,206,54
384,211,18
384,233,15
384,276,36
384,288,8
384,332,54
384,347,9
384,351,25
384,382,63
384,399,20
385,145,15
385,350,48
386,236,45
387,41,5
387,56,12
387,64,8
387,87,36
387,110,7
387,113,1
387,133,16
387,170,7
387,171,5
387,216,14
387,231,42
387,244,36
387,306,4
387,313,12
388,58,72
388,119,16
388,172,6
388,224,56
388,258,9
388,281,3
388,321,8
388,360,8
389,24,6
389,29,36
389,43,9
389,62,45
389,69,42
389,92,63
389,123,54
389,125,2
389,183,7
389,211,27
389,222,7
389,233,6
389,270,72
389,276,54
389,293,8
389,351,10
389,356,5
389,370,27
389,380,1
389,394,2
389,399,8
390,60,8
390,70,4
390,78,15
390,82,5
390,128,25
390,153,8
390,172,48
390,200,9
390,228,64
390,266,25
390,319,8
390,394,4
391,50,5
391,107,16
391,137,5
391,213,10
391,281,30
391,338,4
391,360,24
392,85,6
392,92,7
392,123,6
392,173,8
392,211,3
392,236,12
392,268,10
392,276,6
392,277,56
392,296,21
392,328,9
392,341,81
393,17,40
393,66,56
393,123,40
393,215,8
393,272,56
393,299,32
393,393,16
394,95,8
394,232,8
394,314,16
395,42,8
395,49,14
395,160,4
395,259,4
396,35,32
396,43,18
396,67,56
396,73,8
396,75,48
396,183,14
396,222,14
396,293,16
396,313,4
396,327,28
396,338,12
396,356,10
396,394,4
397,50,24
397,122,10
397,216,2
397,227,16
397,363,4
398,64,16
398,74,24
398,100,10
398,172,6
398,175,9
398,193,8
398,224,4
398,352,4
398,369,3
398,375,14
398,376,36
399,44,72
399,98,92
399,117,32
399,172,12
399,228,24
399,236,63
399,262,36
399,278,36
399,282,54
399,286,72
399,346,36
399,352,56
399,376,18
400,20,25
400,67,14
400,119,15
400,270,5
400,310,10
400,314,21
400,345,35
400,362,56
400,391,10
401,69,6
401,106,6
401,260,7
402,22,14
402,30,54
402,58,35
402,62,45
402,76,4
402,93,16
402,102,63
402,107,28
402,160,63
402,284,28
402,349,49
402,371,56
402,387,45
403,68,24
403,75,56
403,110,36
403,172,42
403,230,14
403,349,14
403,373,14
404,38,24
404,57,2
404,86,16
404,171,9
404,217,21
404,286,6
404,330,12
404,360,12
404,368,16
405,34,4
405,62,7
405,64,9
405,116,63
405,120,27
405,154,1
405,236,81
405,245,54
405,252,21
405,275,7
405,308,21
405,343,18
405,393,3
405,395,1
406,102,10
406,184,20
406,194,5
407,10,18
407,22,36
407,120,36
407,146,8
407,236,24
407,261,16
407,296,35
407,298,28
407,328,15
408,22,18
408,35,32
408,58,45
408,64,27
408,67,24
408,73,8
408,75,48
408,84,18
408,177,6
408,252,63
408,286,18
408,349,63
408,360,16
408,371,72
408,393,9
409,21,10
409,75,10
409,88,8
409,121,40
409,174,30
409,199,20
409,278,25
409,393,15
411,23,56
411,37,45
411,38,30
411,111,9
411,190,4
411,234,64
411,283,16
411,304,21
411,309,21
411,344,25
411,349,18
411,355,60
411,363,28
411,372,9
412,2,16
412,84,36
412,154,12
412,204,20
413,259,12
413,350,6
413,354,4
414,99,81
414,100,45
414,352,18
415,38,2
415,67,2
415,158,6
415,198,8
415,232,8
415,252,4
415,283,12
416,117,7
416,146,7
416,306,28
417,32,18
417,53,8
417,105,6
417,123,9
417,126,4
417,206,6
417,294,9
417,312,16
417,329,36
419,13,10
419,38,5
419,60,5
419,136,35
419,153,5
419,172,30
419,222,35
419,228,40
419,285,20
419,319,5
419,333,35
419,356,15
420,113,3
420,231,32
420,296,24
420,392,40
421,5,2
421,45,35
421,48,24
421,107,8
421,109,12
421,131,30
421,133,12
421,177,2
421,195,6
421,236,20
421,253,8
421,273,18
421,344,16
422,184,4
422,187,45
422,254,45
422,395,2
423,107,63
423,137,14
423,161,56
423,163,31
423,169,14
423,173,56
423,195,56
423,330,18
424,163,81
424,172,15
424,179,14
424,210,14
424,241,81
424,315,21
424,351,56
424,395,54
425,10,4
425,36,8
425,56,40
425,87,10
425,120,36
425,242,24
425,250,18
425,294,27
425,308,28
425,333,24
425,356,16
425,362,16
425,386,9
426,30,54
426,69,30
426,228,45
426,266,35
426,369,20
426,384,72
426,388,21
427,11,72
427,43,9
427,59,18
427,105,16
427,124,24
427,137,16
427,183,7
427,191,6
427,222,7
427,251,35
427,262,72
427,293,8
427,294,28
427,299,56
427,320,42
427,353,7
427,356,5
427,368,32
427,377,24
427,394,2
428,18,20
428,20,30
428,23,45
428,113,45
428,119,18
428,192,5
428,236,25
428,273,20
428,290,35
428,310,12
428,371,15
428,382,5
428,391,12
429,132,20
429,206,24
429,219,20
429,311,40
429,332,24
429,333,40
429,336,10
429,382,28
430,169,7
430,367,2
430,396,5
431,62,15
431,92,18
431,107,45
431,110,18
431,116,18
431,214,28
431,270,24
431,370,9
431,380,20
432,14,12
432,99,12
432,156,36
432,261,36
432,297,21
432,331,32
432,339,8
432,343,30
432,353,20
432,354,20
432,395,24
433,10,32
433,20,28
433,62,45
433,104,6
433,107,10
433,193,32
433,195,45
433,196,54
433,198,12
433,239,45
433,266,28
433,270,72
433,276,8
433,284,16
433,325,45
433,326,4
433,370,27
434,13,6
434,116,8
434,374,45
435,58,54
435,145,1
435,164,7
435,175,36
435,186,16
435,224,42
435,232,3
435,305,5
435,334,12
435,360,6
436,347,3
437,33,21
437,269,63
437,338,16
437,346,12
438,44,56
438,98,56
438,236,49
438,282,42
438,376,14
439,15,24
439,57,7
439,58,72
439,100,45
439,163,3
439,174,7
439,224,56
439,225,6
439,249,6
439,251,42
439,320,8
439,352,18
439,360,8
440,60,1
440,137,24
440,153,1
440,160,8
440,172,6
440,187,10
440,228,8
440,236,30
440,254,10
440,274,4
440,319,1
440,335,40
440,351,16
441,114,6
441,186,8
441,346,4
441,359,6
441,377,9
442,68,8
442,88,9
442,97,8
442,115,8
442,138,12
442,142,8
442,152,8
442,175,2
442,236,12
442,259,5
442,268,4
442,271,5
442,285,4
442,287,4
442,293,18
442,298,9
443,32,49
443,132,42
443,321,49
443,335,63
443,372,21
444,2,14
444,10,12
445,36,4
445,56,20
445,62,63
445,103,30
445,154,15
445,172,3
445,275,63
445,282,42
445,333,12
445,362,8
445,395,9
446,230,72
446,385,8
447,3,18
447,102,28
447,185,15
447,218,24
447,259,9
447,264,24
447,303,36
447,332,27
448,11,63
448,89,42
448,107,12
448,108,14
448,131,42
448,161,16
448,171,49
448,192,3
448,223,40
448,286,56
448,294,38
448,302,8
448,338,54
448,362,16
448,377,6
448,394,28
449,14,16
449,47,16
449,113,4
449,338,8
449,346,12
450,178,72
450,223,64
450,268,40
450,340,24
451,32,4
451,119,6
451,196,6
451,232,6
451,236,30
451,239,5
452,32,42
452,44,63
452,47,7
452,178,18
452,199,6
452,223,16
452,229,12
452,230,16
452,268,10
452,340,6
452,342,12
453,14,15
453,84,15
453,100,21
453,165,9
453,189,15
453,245,18
453,257,24
453,279,14
453,282,4
453,291,12
453,354,9
454,157,54
454,187,63
454,224,72
454,291,72
454,307,81
454,310,54
454,337,36
455,159,4
455,184,6
455,324,32
455,348,24
455,395,3
456,113,2
456,161,16
456,223,40
456,294,32
456,302,8
456,362,16
457,27,54
457,52,9
457,54,4
457,85,36
457,108,30
457,115,72
457,131,4
457,188,36
457,219,8
457,262,24
457,286,42
457,294,12
457,305,63
457,319,3
457,352,18
457,360,81
457,361,12
457,380,54
458,5,6
458,67,18
459,4,24
459,61,28
459,77,72
459,87,24
459,150,20
459,169,40
459,250,9
459,268,20
459,276,36
459,285,81
459,302,81
459,307,63
459,386,4
460,89,24
460,171,24
460,205,20
460,312,25
460,341,21
461,22,28
461,110,10
461,115,12
461,149,63
462,43,42
462,123,24
462,132,48
462,249,3
462,276,2
462,342,1
462,347,6
462,373,24
463,63,24
463,223,16
463,341,30
463,389,14
464,23,24
464,27,6
464,33,18
464,42,2
464,44,9
464,51,15
464,52,55
464,79,27
464,80,24
464,82,6
464,116,35
464,165,9
464,195,16
464,236,45
464,245,30
464,260,24
464,263,32
464,269,54
464,338,27
464,343,10
464,355,12
464,372,15
464,377,14
465,20,28
465,21,28
465,29,12
465,91,5
465,97,32
465,103,63
465,105,32
465,144,63
465,193,32
465,248,4
465,294,56
465,325,20
465,330,24
465,334,16
465,350,9
465,357,9
465,368,64
465,387,32
465,396,12
466,14,24
466,150,32
466,261,36
466,368,12
467,35,15
467,44,3
467,102,72
467,113,9
467,121,9
467,129,15
467,130,81
467,133,21
467,158,9
467,249,72
467,269,27
467,391,15
467,393,9
468,47,16
468,68,48
468,73,48
468,99,18
468,102,35
468,143,48
468,147,24
468,222,63
468,262,7
468,282,54
468,303,72
468,311,64
468,383,49
468,384,8
468,388,24
469,86,35
469,92,12
469,124,25
469,153,32
469,184,25
469,252,10
469,258,48
469,274,21
469,298,21
469,319,40
469,341,36
469,361,16
469,367,45
470,65,81
470,67,3
470,72,18
470,124,56
470,158,9
470,167,40
470,177,9
470,198,12
470,206,72
470,252,6
470,278,54
470,283,18
470,308,16
470,324,81
470,353,81
471,89,42
472,54,63
472,291,63
474,122,40
474,123,18
474,165,6
474,190,3
474,216,8
474,227,64
474,300,8
474,363,16
474,374,7
474,380,9
475,2,24
475,84,54
475,154,18
475,204,30
475,312,6
476,13,81
476,135,6
476,154,12
476,156,6
476,179,9
476,211,54
476,212,27
476,255,18
477,69,12
477,106,12
477,125,3
477,126,1
477,253,27
477,260,14
477,312,4
477,373,24
478,44,9
478,59,4
478,64,18
478,113,10
478,129,45
478,142,10
478,221,35
478,319,30
479,39,14
479,48,18
479,49,14
479,68,24
479,228,2
479,258,16
479,287,14
479,309,2
479,312,10
479,333,10
479,344,4
479,358,16
480,38,27
480,199,15
480,229,48
480,230,40
480,275,9
480,342,30
480,352,21
480,376,12
481,41,7
481,95,9
481,103,15
481,154,3
481,158,32
481,179,8
481,197,12
481,211,4
481,267,3
481,282,21
481,385,12
482,62,8
482,64,16
482,117,56
484,13,42
484,43,72
484,99,18
484,154,35
484,158,56
484,179,14
484,183,56
484,197,21
484,211,7
484,222,56
484,293,64
484,356,40
484,380,9
484,394,16
486,39,16
486,98,12
486,148,8
487,77,24
487,89,18
487,95,32
487,232,32
487,250,3
487,285,27
487,302,27
487,307,21
487,314,64
488,7,1
488,34,2
488,81,12
488,103,8
488,114,16
488,132,2
488,133,16
488,149,40
488,175,3
488,209,18
488,219,2
488,301,8
488,329,3
488,330,27
488,353,54
488,360,2
488,383,7
489,95,16
489,115,8
489,139,18
489,163,10
489,172,10
489,173,18
489,191,12
489,232,4
489,248,18
489,315,14
489,345,14
489,355,10
490,14,9
490,99,9
490,107,8
490,131,28
490,156,27
490,219,21
490,261,9
490,269,24
490,280,27
490,331,24
490,338,36
490,339,6
490,353,15
490,354,15
491,75,63
491,81,20
491,95,9
491,117,45
491,158,10
491,171,9
491,175,5
491,209,30
491,240,54
491,315,81
491,320,54
491,344,111
491,399,5
493,2,42
493,10,36
494,98,16
494,149,15
494,163,21
494,303,72
494,315,21
494,393,6
495,123,9
495,147,54
495,199,3
495,245,9
495,261,42
495,285,6
495,315,8
495,338,54
495,371,24
496,44,72
496,93,36
496,107,12
496,123,72
496,217,5
496,242,8
496,255,9
496,268,48
496,398,5
497,75,42
497,92,12
497,117,30
497,153,53
497,157,30
497,187,35
497,199,56
497,224,40
497,240,36
497,258,72
497,290,56
497,291,40
497,307,45
497,310,30
497,315,54
497,337,20
497,344,54
498,19,81
498,65,4
498,133,36
498,144,27
498,172,48
498,193,72
498,194,36
498,199,4
498,220,9
498,324,81
499,48,30
499,55,36
499,65,42
499,156,3
499,191,12
499,213,54
499,216,3
499,291,27
499,293,21
499,330,24
500,62,36
500,67,8
500,112,48
500,115,81
500,118,30
500,153,24
500,158,24
500,160,48
500,169,40
500,172,5
500,198,32
500,237,45
500,252,16
500,263,24
500,283,48
500,340,8
500,382,30
